#!ascii label  , from subject fsaverage vox2ras=TkReg 
2137
129  -62.153  -34.700  4.975 0.0000000000
133  -48.224  -48.872  5.186 0.0000000000
289  -53.390  -46.253  11.011 0.0000000000
290  -52.076  -40.836  5.258 0.0000000000
556  -49.057  -58.121  8.734 0.0000000000
557  -56.412  -53.527  3.183 0.0000000000
558  -51.930  -45.228  -0.531 0.0000000000
559  -48.852  -36.582  0.021 0.0000000000
768  -52.774  -49.156  14.532 0.0000000000
769  -58.080  -47.479  12.867 0.0000000000
770  -58.456  -44.033  10.344 0.0000000000
968  -57.716  -43.026  -4.521 0.0000000000
1225  -45.268  -49.365  8.682 0.0000000000
1226  -43.914  -53.708  8.815 0.0000000000
1227  -48.268  -53.254  5.929 0.0000000000
1228  -52.523  -56.624  5.550 0.0000000000
1229  -52.077  -51.514  3.789 0.0000000000
1230  -55.005  -48.868  1.367 0.0000000000
1231  -50.730  -47.249  2.440 0.0000000000
1232  -56.758  -37.683  5.310 0.0000000000
1233  -50.464  -38.324  2.932 0.0000000000
1234  -55.302  -35.234  1.994 0.0000000000
1236  -60.790  -32.199  1.864 0.0000000000
1672  -48.048  -47.801  12.446 0.0000000000
1673  -49.049  -46.218  8.452 0.0000000000
1674  -49.437  -44.432  5.381 0.0000000000
1675  -53.680  -44.169  8.059 0.0000000000
1676  -58.169  -41.638  7.114 0.0000000000
1677  -63.000  -38.566  7.006 0.0000000000
2311  -56.938  -46.060  -1.634 0.0000000000
2312  -52.481  -42.370  -3.184 0.0000000000
2313  -48.702  -42.633  2.249 0.0000000000
2314  -48.508  -40.981  -0.650 0.0000000000
2315  -48.096  -39.184  -3.848 0.0000000000
2316  -46.886  -34.830  -2.882 0.0000000000
2688  -57.685  -49.572  14.360 0.0000000000
2690  -60.444  -46.136  12.595 0.0000000000
3145  -46.667  -49.156  6.872 0.0000000000
3146  -46.249  -51.434  7.073 0.0000000000
3147  -48.154  -51.114  5.682 0.0000000000
3148  -50.056  -52.553  4.942 0.0000000000
3149  -49.952  -50.233  4.336 0.0000000000
3150  -51.627  -49.396  3.136 0.0000000000
3151  -49.811  -48.296  3.862 0.0000000000
3152  -59.510  -36.185  5.172 0.0000000000
3153  -56.095  -36.277  3.687 0.0000000000
3154  -58.758  -34.668  3.405 0.0000000000
3155  -57.976  -33.656  1.852 0.0000000000
3156  -61.452  -33.399  3.271 0.0000000000
3745  -53.043  -47.735  12.728 0.0000000000
3746  -50.290  -48.307  13.676 0.0000000000
3747  -50.726  -47.199  11.707 0.0000000000
3748  -48.540  -46.967  10.272 0.0000000000
3749  -51.137  -46.048  9.763 0.0000000000
3750  -51.340  -45.128  8.520 0.0000000000
3751  -53.577  -45.133  9.570 0.0000000000
3752  -61.032  -42.663  10.014 0.0000000000
3753  -58.714  -43.095  8.704 0.0000000000
3754  -60.954  -41.347  8.329 0.0000000000
3755  -60.418  -39.967  6.922 0.0000000000
3756  -63.472  -39.928  8.363 0.0000000000
5118  -46.488  -56.007  8.479 0.0000000000
5125  -54.412  -55.294  4.248 0.0000000000
5131  -58.366  -52.077  2.285 0.0000000000
5132  -53.746  -47.002  0.510 0.0000000000
5133  -56.247  -47.564  0.155 0.0000000000
5134  -54.401  -45.852  -1.129 0.0000000000
5135  -54.719  -44.172  -2.668 0.0000000000
5136  -52.238  -43.892  -1.957 0.0000000000
5137  -50.517  -42.500  5.218 0.0000000000
5138  -48.998  -43.516  3.656 0.0000000000
5139  -49.546  -41.303  4.080 0.0000000000
5140  -49.792  -37.542  1.511 0.0000000000
5141  -48.541  -39.474  1.387 0.0000000000
5142  -48.094  -38.660  -0.179 0.0000000000
5143  -48.311  -39.936  -2.162 0.0000000000
5144  -47.453  -37.934  -1.808 0.0000000000
5145  -46.833  -37.113  -3.600 0.0000000000
5146  -47.863  -35.939  -1.453 0.0000000000
5992  -55.548  -48.677  13.645 0.0000000000
5993  -55.779  -46.609  12.109 0.0000000000
5994  -55.961  -45.188  10.749 0.0000000000
5995  -58.297  -45.417  11.813 0.0000000000
5996  -60.852  -44.185  11.425 0.0000000000
6350  -60.061  -44.196  -3.204 0.0000000000
6813  -44.131  -49.467  10.774 0.0000000000
6814  -42.853  -51.377  10.798 0.0000000000
6815  -44.420  -51.428  8.702 0.0000000000
6816  -46.024  -53.755  7.008 0.0000000000
6817  -48.650  -55.689  6.783 0.0000000000
6818  -51.018  -57.623  6.966 0.0000000000
6819  -50.456  -54.911  5.579 0.0000000000
6820  -52.184  -54.007  4.362 0.0000000000
6821  -54.166  -52.658  3.412 0.0000000000
6822  -56.004  -51.185  2.287 0.0000000000
6823  -53.744  -50.237  2.511 0.0000000000
6824  -52.820  -48.117  1.835 0.0000000000
6825  -51.493  -46.168  0.985 0.0000000000
6826  -54.164  -39.299  5.245 0.0000000000
6827  -51.121  -39.439  4.245 0.0000000000
6828  -53.467  -37.831  4.085 0.0000000000
6829  -52.831  -36.891  2.491 0.0000000000
6830  -51.870  -35.706  1.036 0.0000000000
6831  -50.690  -34.912  -0.137 0.0000000000
6832  -54.299  -34.072  0.809 0.0000000000
6833  -57.009  -32.616  0.819 0.0000000000
7742  -45.402  -48.641  12.786 0.0000000000
7743  -46.116  -47.912  10.699 0.0000000000
7744  -46.868  -47.578  8.543 0.0000000000
7745  -47.796  -47.320  6.691 0.0000000000
7746  -48.741  -46.788  5.303 0.0000000000
7747  -49.328  -45.521  7.069 0.0000000000
7748  -51.177  -44.006  6.893 0.0000000000
7749  -53.074  -42.467  6.190 0.0000000000
7750  -56.093  -44.132  9.233 0.0000000000
7751  -56.071  -42.961  7.316 0.0000000000
7752  -55.059  -41.207  5.988 0.0000000000
7753  -57.331  -39.619  6.063 0.0000000000
7754  -60.044  -38.111  6.155 0.0000000000
7755  -62.720  -36.639  6.118 0.0000000000
9489  -57.511  -49.738  1.054 0.0000000000
9490  -58.836  -47.850  -0.239 0.0000000000
9491  -59.523  -46.021  -1.891 0.0000000000
9492  -57.386  -44.262  -3.124 0.0000000000
9493  -55.052  -42.775  -4.027 0.0000000000
9494  -52.509  -41.551  -4.832 0.0000000000
9495  -49.264  -45.941  3.528 0.0000000000
9496  -49.598  -45.026  1.984 0.0000000000
9497  -49.771  -44.190  0.506 0.0000000000
9498  -48.901  -40.189  2.901 0.0000000000
9499  -48.512  -41.877  0.887 0.0000000000
9500  -49.947  -43.149  -0.913 0.0000000000
9501  -50.081  -41.888  -2.139 0.0000000000
9502  -49.927  -40.852  -3.714 0.0000000000
10825  -47.442  -49.096  5.971 0.0000000000
10826  -47.265  -50.174  6.203 0.0000000000
10827  -48.115  -49.980  5.355 0.0000000000
10828  -49.015  -50.702  5.056 0.0000000000
10829  -48.980  -49.589  4.715 0.0000000000
10830  -49.892  -49.283  4.156 0.0000000000
10831  -49.020  -48.660  4.608 0.0000000000
10832  -60.889  -35.424  5.132 0.0000000000
10833  -59.172  -35.281  4.390 0.0000000000
10834  -60.480  -34.563  4.208 0.0000000000
10835  -60.081  -34.038  3.315 0.0000000000
10836  -61.782  -33.967  4.163 0.0000000000
11425  -53.130  -46.938  11.836 0.0000000000
11426  -51.848  -47.500  12.269 0.0000000000
11427  -52.042  -46.831  11.272 0.0000000000
11428  -50.935  -46.608  10.687 0.0000000000
11429  -52.259  -46.075  10.356 0.0000000000
11430  -52.341  -45.613  9.685 0.0000000000
11431  -53.473  -45.630  10.269 0.0000000000
11433  -61.101  -42.038  9.166 0.0000000000
11434  -62.412  -41.343  9.094 0.0000000000
11435  -62.358  -40.667  8.230 0.0000000000
12798  -47.741  -57.061  8.617 0.0000000000
12800  -47.902  -58.150  9.673 0.0000000000
12805  -55.453  -54.408  3.642 0.0000000000
12806  -55.569  -55.949  4.220 0.0000000000
12807  -56.632  -54.953  3.539 0.0000000000
12811  -57.463  -52.798  2.757 0.0000000000
12812  -52.900  -46.188  -0.056 0.0000000000
12813  -54.109  -46.450  -0.348 0.0000000000
12814  -53.150  -45.588  -0.908 0.0000000000
12815  -53.321  -44.864  -1.654 0.0000000000
12816  -52.142  -44.605  -1.309 0.0000000000
12817  -51.186  -41.604  5.184 0.0000000000
12818  -49.990  -41.842  4.623 0.0000000000
12819  -50.660  -40.954  4.749 0.0000000000
12820  -49.321  -36.985  0.763 0.0000000000
12821  -48.713  -37.989  0.780 0.0000000000
12822  -48.299  -37.558  -0.024 0.0000000000
12823  -47.770  -38.256  -0.921 0.0000000000
12824  -47.900  -37.224  -0.756 0.0000000000
12825  -47.464  -36.930  -1.579 0.0000000000
12826  -48.387  -36.260  -0.710 0.0000000000
13825  -57.897  -48.627  13.665 0.0000000000
13826  -56.576  -49.171  13.980 0.0000000000
13827  -56.850  -48.205  13.294 0.0000000000
13828  -55.688  -47.717  12.899 0.0000000000
13829  -57.001  -46.974  12.541 0.0000000000
13830  -57.100  -45.946  11.972 0.0000000000
13831  -58.238  -46.324  12.360 0.0000000000
13833  -60.629  -45.148  12.049 0.0000000000
14423  -58.937  -43.524  -3.793 0.0000000000
15195  -44.700  -49.384  9.726 0.0000000000
15196  -44.064  -50.358  9.736 0.0000000000
15197  -44.762  -50.431  8.724 0.0000000000
15198  -47.175  -52.382  6.473 0.0000000000
15199  -46.089  -52.510  7.030 0.0000000000
15200  -47.170  -53.533  6.378 0.0000000000
15201  -47.306  -54.702  6.680 0.0000000000
15202  -48.415  -54.473  6.046 0.0000000000
15203  -49.645  -55.294  6.117 0.0000000000
15204  -49.369  -54.137  5.615 0.0000000000
15205  -51.037  -52.086  4.404 0.0000000000
15206  -51.090  -53.300  4.598 0.0000000000
15207  -52.075  -52.769  4.061 0.0000000000
15208  -53.142  -53.416  3.772 0.0000000000
15209  -53.099  -52.136  3.552 0.0000000000
15210  -54.059  -51.424  2.983 0.0000000000
15211  -53.056  -50.933  3.201 0.0000000000
15212  -51.229  -48.319  2.730 0.0000000000
15213  -52.230  -48.757  2.404 0.0000000000
15214  -51.735  -47.718  2.079 0.0000000000
15215  -52.255  -47.100  1.402 0.0000000000
15216  -51.170  -46.654  1.693 0.0000000000
15217  -55.370  -38.483  5.298 0.0000000000
15218  -53.725  -38.527  4.718 0.0000000000
15219  -55.038  -37.681  4.683 0.0000000000
15220  -55.763  -35.864  2.776 0.0000000000
15221  -54.449  -36.640  3.052 0.0000000000
15222  -54.055  -36.108  2.246 0.0000000000
15223  -52.363  -36.259  1.738 0.0000000000
15224  -53.546  -35.479  1.507 0.0000000000
15225  -53.090  -34.901  0.858 0.0000000000
15226  -54.773  -34.682  1.369 0.0000000000
15227  -59.409  -32.955  1.827 0.0000000000
15228  -57.508  -33.040  1.309 0.0000000000
15229  -59.040  -32.314  1.414 0.0000000000
15231  -60.453  -31.616  1.441 0.0000000000
16997  -51.381  -49.341  15.121 0.0000000000
16998  -49.147  -48.028  13.141 0.0000000000
16999  -48.900  -48.548  14.216 0.0000000000
17000  -47.746  -48.307  13.515 0.0000000000
17002  -46.692  -48.144  12.673 0.0000000000
17003  -45.758  -48.195  11.798 0.0000000000
17004  -46.993  -47.697  11.612 0.0000000000
17005  -48.780  -46.620  9.209 0.0000000000
17006  -47.532  -47.100  9.423 0.0000000000
17007  -47.868  -46.905  8.428 0.0000000000
17008  -47.337  -47.511  7.576 0.0000000000
17009  -48.254  -46.667  7.563 0.0000000000
17010  -48.507  -46.396  6.888 0.0000000000
17011  -49.226  -45.901  7.788 0.0000000000
17012  -52.503  -44.657  8.391 0.0000000000
17013  -51.241  -44.620  7.787 0.0000000000
17014  -52.336  -44.134  7.509 0.0000000000
17015  -52.167  -43.242  6.514 0.0000000000
17016  -53.486  -43.438  7.115 0.0000000000
17017  -57.266  -44.698  10.593 0.0000000000
17018  -56.035  -44.680  10.064 0.0000000000
17019  -57.288  -44.176  9.832 0.0000000000
17020  -58.453  -42.406  7.805 0.0000000000
17021  -57.422  -43.130  8.000 0.0000000000
17022  -57.069  -42.335  7.120 0.0000000000
17023  -55.511  -42.168  6.495 0.0000000000
17024  -56.592  -41.504  6.415 0.0000000000
17025  -56.171  -40.435  5.985 0.0000000000
17026  -57.756  -40.667  6.499 0.0000000000
17027  -61.771  -39.287  6.945 0.0000000000
17028  -60.234  -39.049  6.481 0.0000000000
17029  -61.530  -38.352  6.503 0.0000000000
17030  -61.330  -37.373  6.047 0.0000000000
17031  -62.867  -37.683  6.521 0.0000000000
21113  -43.151  -52.490  9.593 0.0000000000
21135  -51.762  -57.113  6.211 0.0000000000
21157  -55.573  -49.978  1.698 0.0000000000
21158  -56.753  -50.442  1.639 0.0000000000
21159  -56.254  -49.250  1.160 0.0000000000
21160  -56.640  -46.829  -0.677 0.0000000000
21161  -57.547  -47.654  -0.139 0.0000000000
21162  -57.871  -46.852  -0.973 0.0000000000
21163  -59.284  -46.932  -1.028 0.0000000000
21164  -58.228  -46.048  -1.845 0.0000000000
21165  -58.471  -45.156  -2.620 0.0000000000
21166  -57.214  -45.243  -2.485 0.0000000000
21167  -53.566  -43.157  -2.928 0.0000000000
21168  -54.900  -43.349  -3.288 0.0000000000
21169  -53.718  -42.590  -3.667 0.0000000000
21170  -53.767  -42.190  -4.474 0.0000000000
21171  -52.457  -41.957  -4.013 0.0000000000
21172  -49.020  -45.603  5.338 0.0000000000
21173  -49.113  -46.415  4.447 0.0000000000
21174  -49.054  -45.149  4.399 0.0000000000
21175  -48.804  -43.043  2.910 0.0000000000
21176  -49.064  -44.332  2.733 0.0000000000
21177  -49.042  -43.896  2.020 0.0000000000
21178  -49.687  -44.591  1.237 0.0000000000
21179  -49.055  -43.498  1.333 0.0000000000
21180  -50.750  -38.804  3.580 0.0000000000
21181  -49.848  -39.690  3.638 0.0000000000
21182  -49.512  -39.188  2.970 0.0000000000
21183  -48.271  -40.244  0.388 0.0000000000
21184  -48.337  -40.647  1.179 0.0000000000
21185  -48.485  -41.458  0.079 0.0000000000
21186  -49.039  -42.691  -0.140 0.0000000000
21187  -49.112  -42.148  -0.861 0.0000000000
21188  -49.989  -42.548  -1.560 0.0000000000
21189  -49.144  -41.538  -1.511 0.0000000000
21190  -48.148  -39.566  -2.926 0.0000000000
21191  -48.996  -40.452  -3.009 0.0000000000
21192  -48.954  -40.063  -3.850 0.0000000000
21193  -50.010  -40.438  -4.582 0.0000000000
21194  -48.950  -39.612  -4.695 0.0000000000
21196  -48.022  -38.684  -4.787 0.0000000000
21197  -46.688  -35.942  -3.281 0.0000000000
21201  -46.572  -34.184  -3.699 0.0000000000
21203  -50.039  -34.566  -0.756 0.0000000000
23272  -58.979  -48.887  14.012 0.0000000000
23273  -59.051  -47.869  13.208 0.0000000000
23274  -59.194  -46.860  12.679 0.0000000000
23630  -56.546  -42.428  -5.249 0.0000000000
24093  -45.971  -49.263  7.811 0.0000000000
24094  -45.553  -50.396  7.752 0.0000000000
24095  -46.430  -50.331  6.985 0.0000000000
24096  -47.183  -51.306  6.407 0.0000000000
24097  -48.231  -52.215  5.931 0.0000000000
24098  -49.163  -52.931  5.492 0.0000000000
24099  -49.080  -51.882  5.339 0.0000000000
24100  -49.962  -51.332  4.716 0.0000000000
24101  -50.980  -50.845  4.092 0.0000000000
24102  -51.941  -50.360  3.468 0.0000000000
24103  -50.827  -49.885  3.746 0.0000000000
24104  -50.661  -48.875  3.479 0.0000000000
24105  -50.317  -47.789  3.105 0.0000000000
24106  -58.070  -36.934  5.233 0.0000000000
24107  -56.424  -36.855  4.570 0.0000000000
24108  -57.757  -36.087  4.507 0.0000000000
24109  -57.423  -35.487  3.579 0.0000000000
24110  -57.102  -35.008  2.687 0.0000000000
24111  -56.656  -34.436  1.918 0.0000000000
24112  -58.378  -34.185  2.576 0.0000000000
24113  -59.787  -33.575  2.485 0.0000000000
24114  -61.046  -32.851  2.469 0.0000000000
25173  -52.960  -48.492  13.656 0.0000000000
25174  -51.529  -48.695  14.108 0.0000000000
25175  -51.702  -48.042  13.189 0.0000000000
25176  -50.526  -47.779  12.757 0.0000000000
25177  -49.414  -47.475  12.065 0.0000000000
25178  -48.306  -47.340  11.391 0.0000000000
25179  -49.653  -47.035  11.006 0.0000000000
25180  -49.868  -46.580  10.019 0.0000000000
25181  -50.034  -46.049  9.151 0.0000000000
25182  -50.148  -45.620  8.481 0.0000000000
25183  -51.259  -45.601  9.162 0.0000000000
25184  -52.497  -45.137  9.062 0.0000000000
25185  -53.704  -44.693  8.841 0.0000000000
25186  -59.691  -43.321  10.121 0.0000000000
25187  -58.695  -43.560  9.652 0.0000000000
25188  -59.883  -42.840  9.373 0.0000000000
25189  -59.816  -42.243  8.515 0.0000000000
25190  -59.498  -41.513  7.711 0.0000000000
25191  -59.236  -40.796  7.071 0.0000000000
25192  -60.735  -40.660  7.577 0.0000000000
25193  -62.019  -40.001  7.484 0.0000000000
25194  -63.208  -39.229  7.633 0.0000000000
27644  -45.090  -54.935  8.464 0.0000000000
27657  -53.400  -56.045  4.975 0.0000000000
27658  -53.673  -57.567  5.556 0.0000000000
27659  -54.550  -56.792  4.922 0.0000000000
27670  -54.472  -47.945  1.075 0.0000000000
27671  -55.642  -48.258  0.839 0.0000000000
27672  -54.975  -47.314  0.302 0.0000000000
27673  -55.355  -46.683  -0.509 0.0000000000
27674  -55.677  -45.994  -1.371 0.0000000000
27675  -55.883  -45.159  -2.286 0.0000000000
27676  -54.592  -45.084  -1.929 0.0000000000
27677  -53.465  -44.042  -2.323 0.0000000000
27678  -52.324  -43.049  -2.552 0.0000000000
27679  -49.929  -43.405  5.298 0.0000000000
27680  -49.228  -43.941  4.461 0.0000000000
27681  -49.594  -42.872  4.475 0.0000000000
27682  -49.197  -42.380  3.835 0.0000000000
27683  -48.869  -41.857  3.231 0.0000000000
27684  -50.153  -37.928  2.202 0.0000000000
27685  -49.251  -38.854  2.249 0.0000000000
27686  -49.080  -38.441  1.586 0.0000000000
27687  -48.370  -39.115  0.603 0.0000000000
27688  -48.163  -39.811  -0.443 0.0000000000
27689  -48.462  -40.438  -1.404 0.0000000000
27690  -47.986  -39.363  -1.195 0.0000000000
27691  -47.766  -39.020  -1.971 0.0000000000
27692  -47.521  -38.607  -2.906 0.0000000000
27693  -47.331  -38.187  -3.820 0.0000000000
27694  -47.114  -37.564  -2.708 0.0000000000
27695  -47.029  -36.491  -2.445 0.0000000000
27696  -47.305  -35.437  -2.162 0.0000000000
29341  -55.213  -49.526  14.368 0.0000000000
29342  -54.171  -48.966  14.018 0.0000000000
29343  -54.319  -48.168  13.221 0.0000000000
29344  -54.391  -47.204  12.380 0.0000000000
29345  -54.538  -46.332  11.523 0.0000000000
29346  -54.682  -45.751  10.903 0.0000000000
29347  -55.912  -45.762  11.421 0.0000000000
29348  -57.149  -45.219  11.248 0.0000000000
29349  -58.381  -44.623  11.016 0.0000000000
29350  -59.444  -45.755  12.210 0.0000000000
29351  -59.530  -44.778  11.659 0.0000000000
29352  -59.706  -43.945  10.930 0.0000000000
29353  -60.966  -43.331  10.760 0.0000000000
31257  -43.660  -49.609  11.911 0.0000000000
31258  -42.880  -50.464  11.967 0.0000000000
31259  -43.430  -50.396  10.820 0.0000000000
31260  -43.588  -51.391  9.681 0.0000000000
31261  -44.087  -52.544  8.584 0.0000000000
31262  -45.304  -51.466  7.823 0.0000000000
31263  -45.047  -52.536  7.733 0.0000000000
31264  -44.957  -53.735  7.812 0.0000000000
31265  -46.210  -54.881  7.480 0.0000000000
31266  -47.584  -55.939  7.542 0.0000000000
31267  -48.861  -56.989  7.677 0.0000000000
31268  -50.098  -57.926  7.837 0.0000000000
31269  -49.855  -56.643  6.918 0.0000000000
31270  -50.723  -56.182  6.201 0.0000000000
31271  -51.505  -55.730  5.614 0.0000000000
31272  -50.186  -53.715  5.107 0.0000000000
31273  -51.330  -54.460  5.006 0.0000000000
31274  -52.344  -55.204  4.973 0.0000000000
31275  -53.282  -54.615  4.279 0.0000000000
31276  -54.275  -53.978  3.708 0.0000000000
31277  -55.315  -53.130  3.295 0.0000000000
31278  -56.278  -52.396  2.871 0.0000000000
31279  -55.131  -51.921  2.924 0.0000000000
31280  -54.869  -50.694  2.359 0.0000000000
31281  -54.351  -49.502  1.891 0.0000000000
31282  -52.656  -49.820  2.865 0.0000000000
31283  -53.297  -49.149  2.173 0.0000000000
31284  -53.877  -48.509  1.593 0.0000000000
31285  -53.362  -47.544  1.198 0.0000000000
31286  -52.616  -46.646  0.709 0.0000000000
31287  -51.711  -45.726  0.203 0.0000000000
31288  -53.105  -40.079  5.198 0.0000000000
31289  -51.572  -40.119  4.780 0.0000000000
31290  -52.616  -39.294  4.722 0.0000000000
31291  -52.223  -38.632  4.162 0.0000000000
31292  -51.940  -37.995  3.486 0.0000000000
31293  -54.725  -37.118  3.865 0.0000000000
31294  -53.117  -37.372  3.301 0.0000000000
31295  -51.530  -37.594  2.784 0.0000000000
31296  -51.199  -37.106  2.023 0.0000000000
31297  -50.730  -36.545  1.335 0.0000000000
31298  -50.238  -36.071  0.595 0.0000000000
31299  -49.678  -35.724  -0.066 0.0000000000
31300  -51.315  -35.239  0.397 0.0000000000
31301  -52.479  -34.480  0.303 0.0000000000
31303  -56.123  -33.782  1.336 0.0000000000
31304  -55.612  -33.270  0.838 0.0000000000
33627  -50.087  -48.879  14.681 0.0000000000
33632  -44.235  -49.241  12.952 0.0000000000
33633  -44.648  -48.868  11.798 0.0000000000
33634  -45.072  -48.635  10.756 0.0000000000
33635  -45.485  -48.503  9.708 0.0000000000
33636  -47.281  -47.368  10.538 0.0000000000
33637  -46.447  -47.703  9.629 0.0000000000
33638  -45.983  -48.355  8.672 0.0000000000
33639  -46.587  -48.344  7.678 0.0000000000
33640  -47.213  -48.217  6.704 0.0000000000
33641  -47.837  -48.115  5.865 0.0000000000
33642  -48.470  -47.884  5.194 0.0000000000
33643  -48.262  -47.095  5.976 0.0000000000
33644  -48.783  -46.056  6.182 0.0000000000
33645  -49.383  -45.041  6.286 0.0000000000
33646  -50.228  -45.227  7.871 0.0000000000
33647  -50.206  -44.742  7.120 0.0000000000
33648  -50.120  -44.110  6.193 0.0000000000
33649  -50.928  -43.175  5.952 0.0000000000
33650  -51.765  -42.332  5.720 0.0000000000
33651  -52.603  -41.681  5.649 0.0000000000
33652  -54.770  -45.171  10.219 0.0000000000
33653  -54.830  -44.636  9.410 0.0000000000
33654  -54.903  -44.178  8.646 0.0000000000
33655  -57.392  -43.678  8.982 0.0000000000
33656  -56.153  -43.702  8.322 0.0000000000
33657  -54.924  -43.612  7.745 0.0000000000
33658  -54.504  -42.729  6.700 0.0000000000
33659  -53.986  -41.826  6.057 0.0000000000
33660  -53.573  -40.948  5.626 0.0000000000
33661  -54.551  -40.221  5.592 0.0000000000
33662  -55.738  -39.417  5.673 0.0000000000
33663  -57.035  -38.618  5.852 0.0000000000
33664  -58.931  -39.833  6.538 0.0000000000
33665  -58.677  -38.803  6.164 0.0000000000
33666  -58.454  -37.834  5.780 0.0000000000
33667  -59.789  -37.121  5.699 0.0000000000
33668  -61.133  -36.388  5.687 0.0000000000
33669  -62.450  -35.634  5.699 0.0000000000
38473  -64.009  -36.592  6.640 0.0000000000
38474  -63.826  -35.572  6.138 0.0000000000
38475  -63.473  -34.646  5.448 0.0000000000
38502  -63.120  -33.777  4.583 0.0000000000
38503  -62.802  -33.139  3.826 0.0000000000
38504  -62.530  -32.585  3.058 0.0000000000
38505  -62.271  -32.014  2.384 0.0000000000
38703  -57.155  -51.624  2.280 0.0000000000
38704  -57.972  -50.940  1.649 0.0000000000
38705  -58.931  -49.958  1.081 0.0000000000
38706  -56.928  -48.463  0.582 0.0000000000
38707  -58.292  -48.848  0.446 0.0000000000
38708  -59.667  -48.872  0.495 0.0000000000
38709  -60.216  -47.914  -0.292 0.0000000000
38710  -60.668  -46.995  -1.097 0.0000000000
38711  -60.900  -45.999  -1.868 0.0000000000
38712  -59.782  -45.117  -2.559 0.0000000000
38713  -58.712  -44.371  -3.196 0.0000000000
38714  -57.597  -43.547  -3.711 0.0000000000
38715  -56.037  -44.199  -2.993 0.0000000000
38716  -56.265  -43.437  -3.591 0.0000000000
38717  -56.356  -42.923  -4.335 0.0000000000
38718  -55.145  -42.343  -4.877 0.0000000000
38721  -49.123  -47.607  4.515 0.0000000000
38722  -49.533  -47.162  3.750 0.0000000000
38723  -49.889  -46.625  2.907 0.0000000000
38724  -49.004  -44.690  3.590 0.0000000000
38725  -49.419  -45.457  2.749 0.0000000000
38726  -50.235  -46.124  2.108 0.0000000000
38727  -50.426  -45.636  1.379 0.0000000000
38728  -50.612  -45.176  0.679 0.0000000000
38729  -50.739  -44.721  -0.085 0.0000000000
38730  -50.242  -40.314  4.246 0.0000000000
38731  -49.183  -40.691  3.508 0.0000000000
38732  -48.612  -41.370  2.598 0.0000000000
38733  -48.701  -39.803  2.209 0.0000000000
38734  -48.432  -41.012  1.995 0.0000000000
38735  -48.598  -42.265  1.604 0.0000000000
38736  -49.009  -43.100  0.611 0.0000000000
38737  -49.827  -43.727  -0.212 0.0000000000
38738  -50.896  -44.171  -0.874 0.0000000000
38739  -51.001  -43.588  -1.515 0.0000000000
38740  -51.152  -42.861  -2.133 0.0000000000
38741  -51.213  -42.111  -2.709 0.0000000000
38742  -49.090  -40.895  -2.220 0.0000000000
38743  -50.027  -41.299  -2.865 0.0000000000
38744  -51.161  -41.620  -3.448 0.0000000000
38745  -51.165  -41.252  -4.342 0.0000000000
38757  -49.123  -35.430  -0.727 0.0000000000
38758  -48.514  -35.016  -1.354 0.0000000000
38759  -47.875  -34.438  -1.907 0.0000000000
38762  -47.286  -33.737  -2.557 0.0000000000
41545  -47.802  -48.988  5.594 0.0000000000
41546  -47.744  -49.507  5.638 0.0000000000
41547  -48.125  -49.427  5.281 0.0000000000
41548  -48.550  -49.791  5.030 0.0000000000
41549  -48.554  -49.249  4.943 0.0000000000
41550  -48.975  -49.140  4.670 0.0000000000
41551  -48.609  -48.778  4.894 0.0000000000
41552  -61.522  -35.072  5.044 0.0000000000
41553  -60.728  -34.978  4.715 0.0000000000
41554  -61.309  -34.646  4.633 0.0000000000
41555  -61.133  -34.274  4.186 0.0000000000
41556  -61.963  -34.312  4.580 0.0000000000
42145  -53.287  -46.619  11.439 0.0000000000
42146  -52.592  -46.922  11.577 0.0000000000
42147  -52.729  -46.552  11.145 0.0000000000
42148  -52.165  -46.436  10.818 0.0000000000
42149  -52.825  -46.167  10.688 0.0000000000
42150  -52.871  -45.849  10.322 0.0000000000
42151  -53.420  -45.942  10.597 0.0000000000
42153  -62.384  -41.668  9.529 0.0000000000
42155  -62.979  -41.001  9.084 0.0000000000
43518  -48.394  -57.599  8.689 0.0000000000
43519  -47.825  -57.631  9.169 0.0000000000
43520  -48.481  -58.140  9.230 0.0000000000
43521  -48.533  -58.641  9.705 0.0000000000
43522  -49.134  -58.641  9.295 0.0000000000
43524  -49.678  -58.610  8.809 0.0000000000
43525  -55.950  -53.982  3.373 0.0000000000
43526  -56.040  -54.666  3.555 0.0000000000
43527  -56.540  -54.211  3.278 0.0000000000
43528  -57.178  -54.356  3.304 0.0000000000
43529  -57.056  -53.694  3.084 0.0000000000
43530  -57.581  -53.349  2.916 0.0000000000
43531  -56.957  -53.165  2.951 0.0000000000
43532  -52.409  -45.721  -0.322 0.0000000000
43533  -53.066  -45.930  -0.483 0.0000000000
43534  -52.567  -45.405  -0.741 0.0000000000
43535  -52.661  -45.093  -1.129 0.0000000000
43536  -52.066  -44.906  -0.949 0.0000000000
43537  -51.629  -41.228  5.244 0.0000000000
43538  -50.905  -41.274  4.986 0.0000000000
43539  -51.334  -40.870  5.036 0.0000000000
43540  -49.111  -36.771  0.374 0.0000000000
43541  -48.717  -37.234  0.378 0.0000000000
43542  -48.521  -37.061  0.013 0.0000000000
43543  -48.084  -37.407  -0.360 0.0000000000
43544  -48.298  -36.899  -0.315 0.0000000000
43545  -48.087  -36.726  -0.715 0.0000000000
43546  -48.613  -36.424  -0.337 0.0000000000
44545  -57.966  -48.090  13.280 0.0000000000
44546  -57.351  -48.458  13.509 0.0000000000
44547  -57.458  -47.830  13.090 0.0000000000
44548  -56.930  -47.600  12.909 0.0000000000
44549  -57.551  -47.202  12.709 0.0000000000
44550  -57.622  -46.636  12.442 0.0000000000
44551  -58.164  -46.943  12.579 0.0000000000
45143  -58.344  -43.267  -4.150 0.0000000000
45144  -58.865  -43.201  -4.331 0.0000000000
45145  -58.259  -42.955  -4.711 0.0000000000
45915  -44.997  -49.373  9.213 0.0000000000
45916  -44.677  -49.897  9.213 0.0000000000
45917  -45.001  -49.912  8.713 0.0000000000
45918  -47.705  -52.840  6.191 0.0000000000
45919  -47.148  -52.942  6.417 0.0000000000
45920  -47.709  -53.419  6.152 0.0000000000
45921  -47.778  -54.014  6.201 0.0000000000
45922  -48.307  -53.880  5.928 0.0000000000
45923  -48.905  -54.310  5.826 0.0000000000
45924  -48.812  -53.718  5.732 0.0000000000
45925  -51.581  -51.820  4.102 0.0000000000
45926  -51.554  -52.399  4.184 0.0000000000
45927  -52.072  -52.145  3.931 0.0000000000
45928  -52.575  -52.503  3.846 0.0000000000
45929  -52.579  -51.822  3.626 0.0000000000
45930  -53.094  -51.528  3.371 0.0000000000
45931  -52.595  -51.257  3.494 0.0000000000
45932  -50.952  -47.774  2.574 0.0000000000
45933  -51.493  -48.024  2.419 0.0000000000
45934  -51.204  -47.509  2.249 0.0000000000
45935  -51.456  -47.187  1.899 0.0000000000
45936  -50.975  -46.951  2.080 0.0000000000
45937  -56.066  -38.066  5.315 0.0000000000
45938  -55.197  -38.050  5.011 0.0000000000
45939  -55.892  -37.643  5.006 0.0000000000
45940  -55.553  -35.559  2.386 0.0000000000
45941  -54.911  -35.985  2.490 0.0000000000
45942  -54.674  -35.681  2.110 0.0000000000
45943  -53.820  -35.792  1.885 0.0000000000
45944  -54.432  -35.352  1.762 0.0000000000
45945  -54.133  -35.061  1.411 0.0000000000
45946  -55.038  -34.947  1.674 0.0000000000
45947  -60.157  -32.570  1.843 0.0000000000
45948  -59.249  -32.605  1.626 0.0000000000
45949  -59.971  -32.246  1.649 0.0000000000
45950  -59.760  -31.944  1.433 0.0000000000
45951  -60.630  -31.885  1.648 0.0000000000
47715  -52.688  -49.563  15.049 0.0000000000
47716  -52.044  -49.663  15.332 0.0000000000
47717  -52.091  -49.265  14.850 0.0000000000
47718  -48.617  -47.897  12.799 0.0000000000
47719  -48.442  -48.121  13.325 0.0000000000
47720  -47.897  -48.052  12.974 0.0000000000
47721  -47.201  -48.203  13.101 0.0000000000
47722  -47.363  -47.949  12.573 0.0000000000
47723  -46.853  -47.886  12.151 0.0000000000
47724  -47.512  -47.718  12.053 0.0000000000
47725  -48.920  -46.423  8.797 0.0000000000
47726  -48.301  -46.726  8.825 0.0000000000
47727  -48.440  -46.565  8.417 0.0000000000
47728  -48.067  -46.786  7.997 0.0000000000
47729  -48.607  -46.392  8.016 0.0000000000
47730  -48.738  -46.289  7.679 0.0000000000
47731  -49.164  -46.061  8.126 0.0000000000
47732  -53.066  -44.417  8.249 0.0000000000
47733  -52.431  -44.398  7.986 0.0000000000
47734  -53.015  -44.138  7.820 0.0000000000
47735  -52.927  -43.790  7.317 0.0000000000
47736  -53.665  -43.840  7.603 0.0000000000
47737  -57.835  -44.373  10.465 0.0000000000
47738  -57.265  -44.432  10.232 0.0000000000
47739  -57.859  -44.143  10.121 0.0000000000
47740  -58.306  -42.041  7.435 0.0000000000
47741  -57.806  -42.412  7.473 0.0000000000
47742  -57.609  -42.002  7.105 0.0000000000
47743  -56.850  -41.920  6.769 0.0000000000
47744  -57.424  -41.573  6.771 0.0000000000
47745  -57.176  -41.088  6.444 0.0000000000
47746  -58.027  -41.213  6.822 0.0000000000
47747  -62.395  -38.917  6.956 0.0000000000
47748  -61.665  -38.839  6.721 0.0000000000
47749  -62.299  -38.489  6.702 0.0000000000
47750  -62.195  -38.032  6.499 0.0000000000
47751  -62.954  -38.156  6.730 0.0000000000
51833  -43.488  -53.065  9.174 0.0000000000
51834  -43.001  -53.040  9.699 0.0000000000
51835  -43.409  -53.686  9.349 0.0000000000
51855  -52.094  -56.907  5.836 0.0000000000
51856  -52.272  -57.607  6.210 0.0000000000
51857  -52.661  -57.350  5.893 0.0000000000
51877  -55.266  -49.398  1.527 0.0000000000
51878  -55.914  -49.625  1.417 0.0000000000
51879  -55.608  -49.035  1.271 0.0000000000
51880  -56.789  -46.454  -1.161 0.0000000000
51881  -57.230  -46.842  -0.811 0.0000000000
51882  -57.407  -46.454  -1.304 0.0000000000
51883  -58.059  -46.461  -1.403 0.0000000000
51884  -57.582  -46.054  -1.770 0.0000000000
51885  -57.729  -45.647  -2.191 0.0000000000
51886  -57.092  -45.669  -2.081 0.0000000000
51887  -53.047  -42.755  -3.066 0.0000000000
51888  -53.646  -42.815  -3.248 0.0000000000
51889  -53.056  -42.429  -3.430 0.0000000000
51890  -53.083  -42.268  -3.843 0.0000000000
51891  -52.484  -42.124  -3.580 0.0000000000
51892  -49.214  -45.008  5.387 0.0000000000
51893  -49.076  -45.374  4.865 0.0000000000
51894  -49.201  -44.782  4.873 0.0000000000
51895  -48.758  -42.839  2.569 0.0000000000
51896  -48.884  -43.478  2.454 0.0000000000
51897  -48.845  -43.281  2.090 0.0000000000
51898  -49.027  -43.681  1.676 0.0000000000
51899  -48.821  -43.112  1.771 0.0000000000
51900  -50.630  -38.547  3.262 0.0000000000
51901  -50.117  -38.976  3.305 0.0000000000
51902  -49.965  -38.746  2.959 0.0000000000
51903  -48.332  -40.619  -0.135 0.0000000000
51904  -48.336  -40.837  0.257 0.0000000000
51905  -48.503  -41.219  -0.294 0.0000000000
51906  -48.749  -41.827  -0.441 0.0000000000
51907  -48.753  -41.580  -0.789 0.0000000000
51908  -49.132  -41.884  -1.173 0.0000000000
51909  -48.787  -41.342  -1.103 0.0000000000
51910  -48.148  -39.398  -3.384 0.0000000000
51911  -48.515  -39.835  -3.402 0.0000000000
51912  -48.510  -39.634  -3.855 0.0000000000
51913  -48.959  -39.864  -4.308 0.0000000000
51914  -48.425  -39.376  -4.291 0.0000000000
51915  -48.466  -39.162  -4.723 0.0000000000
51916  -48.014  -38.940  -4.310 0.0000000000
51917  -46.764  -35.387  -3.080 0.0000000000
51918  -46.561  -35.684  -3.695 0.0000000000
51919  -46.620  -35.107  -3.481 0.0000000000
51920  -46.533  -34.767  -3.899 0.0000000000
51921  -46.708  -34.514  -3.297 0.0000000000
54148  -59.006  -48.395  13.588 0.0000000000
54743  -55.907  -42.078  -5.537 0.0000000000
55515  -46.328  -49.206  7.348 0.0000000000
55516  -46.162  -49.792  7.359 0.0000000000
55517  -46.539  -49.703  6.925 0.0000000000
55518  -47.669  -50.644  5.933 0.0000000000
55519  -47.215  -50.755  6.317 0.0000000000
55520  -47.674  -51.242  6.078 0.0000000000
55521  -47.677  -51.782  6.184 0.0000000000
55522  -48.181  -51.675  5.807 0.0000000000
55523  -48.661  -52.092  5.617 0.0000000000
55524  -48.600  -51.512  5.534 0.0000000000
55525  -49.484  -50.463  4.695 0.0000000000
55526  -49.470  -51.008  4.860 0.0000000000
55527  -49.955  -50.761  4.517 0.0000000000
55528  -50.466  -51.094  4.394 0.0000000000
55529  -50.453  -50.519  4.184 0.0000000000
55530  -50.968  -50.301  3.901 0.0000000000
55531  -50.398  -50.055  4.046 0.0000000000
55532  -49.858  -48.794  4.028 0.0000000000
55533  -50.325  -49.088  3.826 0.0000000000
55534  -50.199  -48.587  3.648 0.0000000000
55535  -50.490  -48.341  3.286 0.0000000000
55536  -50.054  -48.063  3.482 0.0000000000
55537  -58.804  -36.561  5.209 0.0000000000
55538  -57.926  -36.481  4.892 0.0000000000
55539  -58.632  -36.114  4.857 0.0000000000
55540  -58.978  -34.944  3.892 0.0000000000
55541  -58.280  -35.336  3.989 0.0000000000
55542  -58.092  -35.065  3.492 0.0000000000
55543  -57.251  -35.267  3.100 0.0000000000
55544  -57.917  -34.851  3.044 0.0000000000
55545  -57.737  -34.609  2.646 0.0000000000
55546  -58.575  -34.443  2.992 0.0000000000
55547  -60.776  -33.719  3.294 0.0000000000
55548  -59.914  -33.802  2.884 0.0000000000
55549  -60.630  -33.463  2.864 0.0000000000
55550  -60.461  -33.243  2.459 0.0000000000
55551  -61.248  -33.125  2.857 0.0000000000
57315  -53.028  -48.088  13.217 0.0000000000
57316  -52.346  -48.233  13.449 0.0000000000
57317  -52.377  -47.895  12.985 0.0000000000
57318  -51.279  -47.380  12.038 0.0000000000
57319  -51.201  -47.662  12.539 0.0000000000
57320  -50.621  -47.486  12.218 0.0000000000
57321  -49.963  -47.613  12.413 0.0000000000
57322  -50.072  -47.334  11.879 0.0000000000
57323  -49.535  -47.228  11.539 0.0000000000
57324  -50.201  -47.071  11.349 0.0000000000
57325  -51.062  -46.313  10.180 0.0000000000
57326  -50.418  -46.591  10.383 0.0000000000
57327  -50.518  -46.324  9.904 0.0000000000
57328  -49.958  -46.337  9.555 0.0000000000
57329  -50.560  -46.063  9.490 0.0000000000
57330  -50.613  -45.813  9.150 0.0000000000
57331  -51.174  -45.835  9.469 0.0000000000
57332  -52.959  -45.372  9.622 0.0000000000
57333  -52.431  -45.382  9.384 0.0000000000
57334  -53.036  -45.117  9.281 0.0000000000
57335  -53.098  -44.875  8.930 0.0000000000
57336  -53.653  -44.893  9.193 0.0000000000
57337  -60.344  -43.003  10.053 0.0000000000
57338  -59.790  -43.055  9.773 0.0000000000
57339  -60.419  -42.742  9.641 0.0000000000
57340  -61.078  -41.691  8.757 0.0000000000
57341  -60.444  -42.120  8.841 0.0000000000
57342  -60.357  -41.778  8.415 0.0000000000
57343  -59.678  -41.867  8.099 0.0000000000
57344  -60.218  -41.440  8.007 0.0000000000
57345  -60.099  -41.116  7.649 0.0000000000
57346  -60.832  -41.022  7.909 0.0000000000
57347  -62.948  -40.296  8.249 0.0000000000
57348  -62.184  -40.324  7.820 0.0000000000
57349  -62.776  -39.952  7.863 0.0000000000
57350  -62.645  -39.612  7.505 0.0000000000
57351  -63.320  -39.573  7.970 0.0000000000
61433  -45.761  -55.478  8.453 0.0000000000
61434  -45.245  -55.545  8.962 0.0000000000
61435  -45.964  -56.068  8.989 0.0000000000
61455  -53.920  -55.672  4.587 0.0000000000
61456  -53.956  -56.424  4.936 0.0000000000
61457  -54.454  -56.030  4.579 0.0000000000
61476  -58.813  -51.664  1.985 0.0000000000
61477  -54.120  -47.472  0.820 0.0000000000
61478  -54.727  -47.638  0.730 0.0000000000
61479  -54.331  -47.176  0.440 0.0000000000
61480  -54.249  -46.164  -0.740 0.0000000000
61481  -54.731  -46.581  -0.426 0.0000000000
61482  -54.872  -46.303  -0.796 0.0000000000
61483  -55.538  -46.358  -0.915 0.0000000000
61484  -55.026  -45.945  -1.249 0.0000000000
61485  -55.156  -45.568  -1.709 0.0000000000
61486  -54.501  -45.492  -1.534 0.0000000000
61487  -52.794  -44.362  -1.836 0.0000000000
61488  -53.415  -44.439  -2.018 0.0000000000
61489  -52.826  -43.976  -2.151 0.0000000000
61490  -52.837  -43.574  -2.424 0.0000000000
61491  -52.272  -43.486  -2.268 0.0000000000
61492  -50.216  -42.962  5.257 0.0000000000
61493  -49.771  -43.136  4.874 0.0000000000
61494  -50.011  -42.658  4.881 0.0000000000
61495  -49.764  -41.566  4.350 0.0000000000
61496  -49.547  -42.076  4.235 0.0000000000
61497  -49.349  -41.823  3.959 0.0000000000
61498  -49.021  -42.107  3.573 0.0000000000
61499  -49.143  -41.556  3.683 0.0000000000
61500  -49.964  -37.741  1.863 0.0000000000
61501  -49.552  -38.175  1.905 0.0000000000
61502  -49.394  -38.006  1.553 0.0000000000
61503  -48.325  -38.302  0.306 0.0000000000
61504  -48.516  -38.555  0.722 0.0000000000
61505  -48.242  -38.878  0.203 0.0000000000
61506  -48.207  -39.462  0.074 0.0000000000
61507  -48.108  -39.228  -0.314 0.0000000000
61508  -48.095  -39.586  -0.825 0.0000000000
61509  -47.982  -39.012  -0.698 0.0000000000
61510  -47.625  -38.106  -1.356 0.0000000000
61511  -47.703  -38.660  -1.475 0.0000000000
61512  -47.568  -38.473  -1.912 0.0000000000
61513  -47.651  -38.806  -2.424 0.0000000000
61514  -47.407  -38.277  -2.383 0.0000000000
61515  -47.274  -38.093  -2.826 0.0000000000
61516  -47.257  -37.743  -2.275 0.0000000000
61517  -47.607  -36.425  -1.522 0.0000000000
61518  -47.267  -36.726  -2.020 0.0000000000
61519  -47.377  -36.219  -1.917 0.0000000000
61520  -47.135  -35.967  -2.279 0.0000000000
61521  -47.580  -35.725  -1.802 0.0000000000
64515  -57.567  -50.046  14.712 0.0000000000
64517  -56.989  -49.840  14.508 0.0000000000
64518  -56.010  -48.945  13.835 0.0000000000
64519  -55.867  -49.346  14.122 0.0000000000
64520  -55.368  -49.108  14.007 0.0000000000
64521  -54.715  -49.253  14.219 0.0000000000
64522  -54.871  -48.828  13.821 0.0000000000
64523  -54.259  -48.581  13.606 0.0000000000
64524  -54.966  -48.407  13.443 0.0000000000
64525  -55.724  -47.129  12.504 0.0000000000
64526  -55.023  -47.444  12.645 0.0000000000
64527  -55.057  -46.911  12.236 0.0000000000
64528  -54.422  -46.734  11.943 0.0000000000
64529  -55.143  -46.445  11.828 0.0000000000
64530  -55.226  -46.060  11.501 0.0000000000
64531  -55.829  -46.154  11.792 0.0000000000
64532  -57.679  -45.645  11.864 0.0000000000
64533  -57.122  -45.522  11.638 0.0000000000
64534  -57.713  -45.294  11.521 0.0000000000
64535  -57.763  -44.971  11.166 0.0000000000
64536  -58.322  -45.015  11.410 0.0000000000
64537  -59.858  -46.488  12.628 0.0000000000
64538  -59.311  -46.331  12.434 0.0000000000
64539  -60.011  -45.981  12.347 0.0000000000
64540  -60.750  -44.643  11.752 0.0000000000
64541  -60.115  -44.959  11.895 0.0000000000
64542  -60.186  -44.461  11.577 0.0000000000
64543  -59.624  -44.331  11.305 0.0000000000
64544  -60.286  -44.045  11.211 0.0000000000
64545  -60.351  -43.650  10.839 0.0000000000
64546  -60.923  -43.751  11.091 0.0000000000
68625  -43.887  -49.514  11.318 0.0000000000
68626  -43.479  -49.986  11.381 0.0000000000
68627  -43.740  -49.932  10.795 0.0000000000
68628  -44.208  -50.870  9.247 0.0000000000
68629  -43.818  -50.841  9.742 0.0000000000
68630  -43.988  -51.408  9.167 0.0000000000
68631  -43.803  -51.956  9.089 0.0000000000
68632  -44.244  -51.965  8.612 0.0000000000
68633  -45.855  -50.899  7.383 0.0000000000
68634  -45.415  -50.943  7.790 0.0000000000
68635  -45.777  -51.473  7.428 0.0000000000
68636  -46.041  -53.104  6.988 0.0000000000
68637  -45.552  -52.533  7.377 0.0000000000
68638  -45.485  -53.148  7.340 0.0000000000
68639  -44.958  -53.154  7.703 0.0000000000
68640  -45.487  -53.752  7.401 0.0000000000
68641  -45.553  -54.324  7.596 0.0000000000
68642  -46.088  -54.301  7.167 0.0000000000
68643  -47.988  -55.204  6.697 0.0000000000
68644  -47.453  -55.329  7.062 0.0000000000
68645  -48.124  -55.828  7.126 0.0000000000
68646  -48.236  -56.456  7.589 0.0000000000
68647  -48.758  -56.340  7.205 0.0000000000
68648  -49.362  -56.838  7.316 0.0000000000
68649  -49.279  -56.172  6.822 0.0000000000
68650  -50.079  -55.138  5.856 0.0000000000
68651  -50.215  -55.751  6.170 0.0000000000
68652  -50.587  -55.530  5.881 0.0000000000
68653  -51.108  -55.963  5.909 0.0000000000
68654  -50.975  -55.299  5.608 0.0000000000
68655  -49.597  -52.738  5.231 0.0000000000
68656  -49.679  -53.313  5.312 0.0000000000
68657  -50.104  -53.142  5.011 0.0000000000
68658  -51.629  -53.661  4.465 0.0000000000
68659  -51.171  -53.954  4.749 0.0000000000
68660  -51.749  -54.249  4.697 0.0000000000
68661  -51.832  -54.828  4.993 0.0000000000
68662  -52.289  -54.558  4.644 0.0000000000
68663  -52.815  -54.927  4.625 0.0000000000
68664  -52.737  -54.305  4.311 0.0000000000
68665  -53.671  -53.061  3.577 0.0000000000
68666  -53.726  -53.685  3.726 0.0000000000
68667  -54.244  -53.316  3.495 0.0000000000
68668  -54.790  -53.590  3.494 0.0000000000
68669  -54.714  -52.892  3.351 0.0000000000
68670  -55.211  -52.532  3.153 0.0000000000
68671  -54.616  -52.309  3.231 0.0000000000
68672  -53.957  -50.826  2.735 0.0000000000
68673  -54.456  -51.067  2.685 0.0000000000
68674  -54.276  -50.461  2.409 0.0000000000
68675  -54.622  -50.099  2.088 0.0000000000
68676  -54.062  -49.865  2.181 0.0000000000
68677  -51.803  -49.867  3.316 0.0000000000
68678  -52.315  -50.106  3.149 0.0000000000
68679  -52.158  -49.571  2.996 0.0000000000
68680  -52.513  -48.435  2.111 0.0000000000
68681  -52.756  -48.956  2.290 0.0000000000
68682  -53.069  -48.638  1.998 0.0000000000
68683  -53.584  -48.821  1.877 0.0000000000
68684  -53.352  -48.323  1.708 0.0000000000
68685  -53.635  -48.026  1.420 0.0000000000
68686  -53.099  -47.820  1.523 0.0000000000
68687  -51.906  -46.617  1.177 0.0000000000
68688  -52.477  -46.854  1.043 0.0000000000
68689  -52.045  -46.391  0.821 0.0000000000
68690  -52.152  -46.188  0.427 0.0000000000
68691  -51.605  -45.928  0.621 0.0000000000
68692  -53.606  -39.720  5.237 0.0000000000
68693  -52.866  -39.691  4.972 0.0000000000
68694  -53.400  -39.282  4.987 0.0000000000
68695  -53.589  -38.166  4.416 0.0000000000
68696  -52.963  -38.566  4.409 0.0000000000
68697  -52.828  -38.232  4.116 0.0000000000
68698  -52.098  -38.315  3.866 0.0000000000
68699  -52.651  -37.939  3.783 0.0000000000
68700  -56.257  -36.507  4.160 0.0000000000
68701  -55.539  -36.957  4.194 0.0000000000
68702  -55.403  -36.702  3.755 0.0000000000
68703  -53.662  -36.783  2.790 0.0000000000
68704  -53.778  -37.019  3.191 0.0000000000
68705  -52.996  -37.134  2.913 0.0000000000
68706  -52.346  -37.460  3.028 0.0000000000
68707  -52.142  -37.247  2.682 0.0000000000
68708  -51.373  -37.358  2.402 0.0000000000
68709  -51.995  -36.988  2.269 0.0000000000
68710  -52.105  -35.975  1.391 0.0000000000
68711  -51.537  -36.400  1.561 0.0000000000
68712  -51.281  -36.128  1.189 0.0000000000
68713  -50.485  -36.292  0.947 0.0000000000
68714  -51.021  -35.862  0.813 0.0000000000
68715  -50.747  -35.652  0.487 0.0000000000
68716  -51.596  -35.437  0.675 0.0000000000
68717  -53.690  -34.480  0.826 0.0000000000
68718  -52.811  -34.658  0.582 0.0000000000
68719  -53.405  -34.245  0.552 0.0000000000
68720  -53.087  -34.090  0.290 0.0000000000
68721  -54.033  -33.854  0.560 0.0000000000
68722  -57.290  -34.022  1.873 0.0000000000
68723  -56.375  -34.118  1.609 0.0000000000
68724  -57.062  -33.705  1.580 0.0000000000
68725  -57.267  -32.810  1.067 0.0000000000
68726  -56.550  -33.145  1.058 0.0000000000
68727  -56.301  -32.940  0.809 0.0000000000
74033  -50.878  -48.484  13.856 0.0000000000
74034  -50.814  -48.782  14.382 0.0000000000
74035  -50.162  -48.552  14.161 0.0000000000
74043  -45.888  -48.654  13.260 0.0000000000
74047  -44.835  -48.915  12.881 0.0000000000
74048  -44.466  -49.028  12.378 0.0000000000
74049  -44.994  -48.707  12.315 0.0000000000
74050  -45.947  -48.039  11.245 0.0000000000
74051  -45.394  -48.380  11.272 0.0000000000
74052  -45.586  -48.261  10.744 0.0000000000
74053  -45.273  -48.575  10.232 0.0000000000
74054  -45.746  -48.155  10.246 0.0000000000
74055  -48.440  -47.163  10.828 0.0000000000
74056  -47.779  -47.343  10.980 0.0000000000
74057  -47.921  -47.155  10.408 0.0000000000
74058  -47.144  -47.312  8.996 0.0000000000
74059  -46.977  -47.382  9.545 0.0000000000
74060  -46.653  -47.620  9.089 0.0000000000
74061  -46.160  -47.986  9.149 0.0000000000
74062  -46.404  -47.939  8.618 0.0000000000
74063  -46.244  -48.356  8.197 0.0000000000
74064  -46.670  -47.933  8.104 0.0000000000
74065  -47.584  -47.415  7.134 0.0000000000
74066  -47.237  -47.869  7.140 0.0000000000
74067  -47.491  -47.786  6.690 0.0000000000
74068  -47.488  -48.207  6.297 0.0000000000
74069  -47.792  -47.716  6.268 0.0000000000
74070  -48.066  -47.618  5.902 0.0000000000
74071  -48.044  -47.221  6.342 0.0000000000
74072  -48.910  -45.950  6.986 0.0000000000
74073  -48.661  -46.230  6.544 0.0000000000
74074  -48.997  -45.750  6.625 0.0000000000
74075  -49.040  -45.537  6.232 0.0000000000
74076  -49.376  -45.284  6.670 0.0000000000
74077  -50.711  -45.365  8.492 0.0000000000
74078  -50.203  -45.419  8.187 0.0000000000
74079  -50.746  -45.146  8.173 0.0000000000
74080  -51.232  -44.359  7.378 0.0000000000
74081  -50.708  -44.660  7.486 0.0000000000
74082  -50.691  -44.378  7.045 0.0000000000
74083  -50.186  -44.451  6.681 0.0000000000
74084  -50.618  -44.002  6.558 0.0000000000
74085  -50.513  -43.625  6.089 0.0000000000
74086  -51.073  -43.556  6.393 0.0000000000
74087  -52.635  -42.861  6.344 0.0000000000
74088  -52.001  -42.757  6.085 0.0000000000
74089  -52.409  -42.402  5.952 0.0000000000
74090  -52.157  -41.999  5.640 0.0000000000
74091  -52.830  -42.048  5.873 0.0000000000
74092  -55.342  -45.492  10.811 0.0000000000
74093  -54.719  -45.460  10.567 0.0000000000
74094  -55.376  -45.211  10.507 0.0000000000
74095  -56.070  -44.367  9.656 0.0000000000
74096  -55.434  -44.633  9.769 0.0000000000
74097  -55.448  -44.390  9.334 0.0000000000
74098  -54.851  -44.402  9.019 0.0000000000
74099  -55.479  -44.176  8.925 0.0000000000
74100  -58.732  -43.316  9.196 0.0000000000
74101  -58.083  -43.651  9.327 0.0000000000
74102  -58.080  -43.406  8.830 0.0000000000
74103  -56.751  -43.047  7.631 0.0000000000
74104  -56.800  -43.418  8.146 0.0000000000
74105  -56.149  -43.381  7.811 0.0000000000
74106  -55.543  -43.660  8.024 0.0000000000
74107  -55.542  -43.279  7.476 0.0000000000
74108  -54.756  -43.196  7.184 0.0000000000
74109  -55.290  -42.864  6.992 0.0000000000
74110  -55.293  -41.696  6.238 0.0000000000
74111  -54.746  -41.988  6.287 0.0000000000
74112  -54.512  -41.532  6.039 0.0000000000
74113  -53.750  -41.393  5.827 0.0000000000
74114  -54.274  -41.066  5.828 0.0000000000
74115  -54.049  -40.602  5.621 0.0000000000
74116  -54.795  -40.700  5.794 0.0000000000
74117  -56.742  -40.034  6.016 0.0000000000
74118  -55.941  -39.924  5.824 0.0000000000
74119  -56.551  -39.514  5.858 0.0000000000
74120  -56.377  -39.002  5.710 0.0000000000
74121  -57.184  -39.111  5.933 0.0000000000
74122  -59.786  -40.367  6.979 0.0000000000
74123  -59.074  -40.329  6.781 0.0000000000
74124  -59.664  -39.919  6.729 0.0000000000
74125  -60.136  -38.575  6.342 0.0000000000
74126  -59.465  -38.922  6.345 0.0000000000
74127  -59.365  -38.440  6.168 0.0000000000
74128  -58.574  -38.316  5.989 0.0000000000
74129  -59.280  -37.949  5.949 0.0000000000
74130  -59.166  -37.496  5.742 0.0000000000
74131  -59.915  -37.595  5.912 0.0000000000
74132  -61.991  -37.025  6.044 0.0000000000
74133  -61.231  -36.888  5.870 0.0000000000
74134  -61.922  -36.516  5.886 0.0000000000
74135  -61.790  -36.030  5.696 0.0000000000
74136  -62.613  -36.126  5.918 0.0000000000
85948  -63.669  -35.104  5.831 0.0000000000
86018  -62.962  -33.444  4.251 0.0000000000
86023  -62.380  -32.319  2.722 0.0000000000
86378  -42.826  -50.891  11.412 0.0000000000
86379  -42.502  -50.934  12.052 0.0000000000
86380  -42.506  -51.403  11.400 0.0000000000
86445  -50.582  -57.775  7.367 0.0000000000
86446  -50.648  -58.397  7.894 0.0000000000
86447  -51.106  -58.268  7.437 0.0000000000
86512  -56.141  -51.806  2.609 0.0000000000
86513  -56.724  -52.010  2.599 0.0000000000
86514  -56.563  -51.394  2.279 0.0000000000
86515  -57.112  -50.112  1.318 0.0000000000
86516  -57.325  -50.698  1.611 0.0000000000
86517  -57.770  -50.326  1.326 0.0000000000
86518  -58.446  -50.502  1.366 0.0000000000
86519  -58.208  -49.890  1.062 0.0000000000
86520  -55.966  -47.907  0.518 0.0000000000
86521  -56.277  -48.354  0.741 0.0000000000
86522  -56.603  -47.957  0.413 0.0000000000
86523  -58.177  -47.782  -0.221 0.0000000000
86524  -57.925  -48.254  0.133 0.0000000000
86525  -58.589  -48.347  0.122 0.0000000000
86526  -59.005  -48.866  0.473 0.0000000000
86527  -59.281  -48.346  0.129 0.0000000000
86528  -59.951  -48.355  0.134 0.0000000000
86529  -59.543  -47.926  -0.266 0.0000000000
86530  -59.433  -46.488  -1.447 0.0000000000
86531  -59.965  -46.953  -1.048 0.0000000000
86532  -60.118  -46.507  -1.466 0.0000000000
86533  -60.783  -46.517  -1.484 0.0000000000
86534  -60.228  -46.015  -1.862 0.0000000000
86535  -60.313  -45.512  -2.220 0.0000000000
86536  -59.626  -45.543  -2.258 0.0000000000
86537  -57.929  -44.730  -2.907 0.0000000000
86538  -58.570  -44.734  -2.939 0.0000000000
86539  -58.022  -44.298  -3.178 0.0000000000
86540  -58.158  -43.935  -3.413 0.0000000000
86541  -57.481  -43.862  -3.401 0.0000000000
86542  -55.303  -44.675  -2.522 0.0000000000
86543  -55.964  -44.702  -2.649 0.0000000000
86544  -55.365  -44.193  -2.868 0.0000000000
86545  -55.015  -43.046  -3.628 0.0000000000
86546  -55.582  -43.387  -3.456 0.0000000000
86547  -55.672  -43.089  -3.801 0.0000000000
86548  -56.317  -43.120  -3.926 0.0000000000
86549  -55.680  -42.856  -4.204 0.0000000000
86550  -55.735  -42.643  -4.623 0.0000000000
86551  -55.075  -42.577  -4.445 0.0000000000
86552  -53.129  -41.886  -4.659 0.0000000000
86553  -53.803  -41.980  -4.861 0.0000000000
86557  -48.607  -47.365  5.230 0.0000000000
86558  -48.795  -47.763  4.861 0.0000000000
86559  -48.872  -47.227  4.875 0.0000000000
86560  -49.198  -46.172  3.991 0.0000000000
86561  -49.300  -46.836  4.082 0.0000000000
86562  -49.390  -46.583  3.657 0.0000000000
86563  -49.728  -46.918  3.330 0.0000000000
86564  -49.533  -46.304  3.224 0.0000000000
86565  -49.083  -43.748  4.040 0.0000000000
86566  -49.054  -44.299  3.983 0.0000000000
86567  -48.988  -44.078  3.618 0.0000000000
86568  -49.278  -44.676  2.352 0.0000000000
86569  -49.232  -44.920  2.717 0.0000000000
86570  -49.494  -45.209  2.340 0.0000000000
86571  -49.767  -45.753  2.394 0.0000000000
86572  -49.911  -45.562  2.018 0.0000000000
86573  -50.348  -45.889  1.739 0.0000000000
86574  -50.004  -45.347  1.657 0.0000000000
86575  -49.730  -44.390  0.875 0.0000000000
86576  -50.134  -44.878  0.931 0.0000000000
86577  -50.191  -44.676  0.572 0.0000000000
86578  -50.676  -44.959  0.289 0.0000000000
86579  -50.242  -44.491  0.203 0.0000000000
86580  -51.293  -39.807  4.546 0.0000000000
86581  -50.900  -40.160  4.521 0.0000000000
86582  -50.677  -39.857  4.257 0.0000000000
86583  -49.298  -39.951  3.283 0.0000000000
86584  -49.472  -40.192  3.569 0.0000000000
86585  -49.029  -40.465  3.196 0.0000000000
86586  -48.841  -41.018  3.065 0.0000000000
86587  -48.722  -40.780  2.754 0.0000000000
86588  -48.840  -39.154  1.848 0.0000000000
86589  -48.936  -39.302  2.250 0.0000000000
86590  -48.621  -39.631  1.799 0.0000000000
86591  -48.363  -41.247  1.027 0.0000000000
86592  -48.397  -40.868  1.577 0.0000000000
86593  -48.431  -41.471  1.419 0.0000000000
86594  -48.468  -41.619  1.787 0.0000000000
86595  -48.557  -42.053  1.261 0.0000000000
86596  -48.762  -42.685  1.122 0.0000000000
86597  -48.731  -42.507  0.742 0.0000000000
86598  -49.410  -42.926  -0.524 0.0000000000
86599  -49.399  -43.229  -0.176 0.0000000000
86600  -49.869  -43.443  -0.555 0.0000000000
86601  -50.333  -43.930  -0.559 0.0000000000
86602  -50.389  -43.664  -0.911 0.0000000000
86603  -50.947  -43.891  -1.202 0.0000000000
86604  -50.440  -43.370  -1.237 0.0000000000
86605  -50.045  -42.208  -1.846 0.0000000000
86606  -50.555  -42.711  -1.882 0.0000000000
86607  -50.618  -42.368  -2.139 0.0000000000
86608  -51.216  -42.491  -2.405 0.0000000000
86609  -50.670  -42.030  -2.374 0.0000000000
86610  -48.365  -40.128  -1.772 0.0000000000
86611  -48.747  -40.678  -1.826 0.0000000000
86612  -48.658  -40.408  -2.207 0.0000000000
86613  -49.422  -40.639  -3.380 0.0000000000
86614  -49.505  -40.869  -2.982 0.0000000000
86615  -49.957  -41.043  -3.281 0.0000000000
86616  -50.554  -41.445  -3.172 0.0000000000
86617  -50.530  -41.253  -3.596 0.0000000000
86618  -51.160  -41.442  -3.909 0.0000000000
86619  -50.545  -41.069  -4.037 0.0000000000
86620  -50.058  -40.158  -5.012 0.0000000000
86621  -50.614  -40.575  -4.915 0.0000000000
86632  -47.049  -37.666  -3.716 0.0000000000
86633  -47.256  -37.898  -4.253 0.0000000000
86634  -46.973  -37.383  -4.143 0.0000000000
86647  -50.175  -35.312  -0.108 0.0000000000
86648  -49.398  -35.592  -0.400 0.0000000000
86649  -49.873  -35.157  -0.417 0.0000000000
86650  -49.696  -34.345  -1.020 0.0000000000
86651  -49.263  -34.783  -1.029 0.0000000000
86652  -48.924  -34.542  -1.283 0.0000000000
86653  -48.178  -34.760  -1.619 0.0000000000
86654  -48.566  -34.242  -1.550 0.0000000000
93213  -47.076  -49.163  6.406 0.0000000000
93214  -46.945  -49.703  6.505 0.0000000000
93215  -47.354  -49.620  6.050 0.0000000000
93216  -47.695  -50.058  5.763 0.0000000000
93217  -48.095  -50.512  5.496 0.0000000000
93218  -48.568  -50.923  5.384 0.0000000000
93219  -48.558  -50.346  5.189 0.0000000000
93220  -49.028  -50.125  4.835 0.0000000000
93221  -49.486  -49.916  4.552 0.0000000000
93222  -49.917  -49.761  4.248 0.0000000000
93223  -49.443  -49.445  4.458 0.0000000000
93224  -49.424  -48.996  4.400 0.0000000000
93225  -49.464  -48.490  4.246 0.0000000000
93226  -60.208  -35.804  5.147 0.0000000000
93227  -59.354  -35.718  4.803 0.0000000000
93228  -60.094  -35.337  4.771 0.0000000000
93229  -59.894  -34.911  4.308 0.0000000000
93230  -59.631  -34.581  3.803 0.0000000000
93231  -59.406  -34.360  3.367 0.0000000000
93232  -60.278  -34.249  3.751 0.0000000000
93233  -60.983  -33.974  3.767 0.0000000000
93234  -61.619  -33.675  3.718 0.0000000000
94293  -53.072  -47.346  12.276 0.0000000000
94294  -52.408  -47.581  12.496 0.0000000000
94295  -52.443  -47.251  12.023 0.0000000000
94296  -51.925  -47.189  11.795 0.0000000000
94297  -51.380  -47.054  11.539 0.0000000000
94298  -50.837  -46.900  11.216 0.0000000000
94299  -51.491  -46.684  10.996 0.0000000000
94300  -51.595  -46.338  10.462 0.0000000000
94301  -51.687  -46.054  10.055 0.0000000000
94302  -51.722  -45.842  9.746 0.0000000000
94303  -52.294  -45.835  10.022 0.0000000000
94304  -52.920  -45.591  9.981 0.0000000000
94305  -53.505  -45.374  9.913 0.0000000000
94306  -61.723  -42.329  9.973 0.0000000000
94307  -61.093  -42.363  9.588 0.0000000000
94308  -61.758  -42.003  9.549 0.0000000000
94309  -61.779  -41.646  9.115 0.0000000000
94310  -61.760  -41.323  8.692 0.0000000000
94311  -61.696  -41.007  8.263 0.0000000000
94312  -62.434  -41.033  8.655 0.0000000000
94313  -62.994  -40.646  8.656 0.0000000000
96764  -47.152  -56.551  8.497 0.0000000000
96765  -46.580  -56.561  9.003 0.0000000000
96766  -47.157  -57.114  9.077 0.0000000000
96767  -47.241  -57.634  9.601 0.0000000000
96777  -54.951  -54.899  3.953 0.0000000000
96778  -54.971  -55.635  4.229 0.0000000000
96779  -55.534  -55.151  3.855 0.0000000000
96780  -56.122  -55.446  3.833 0.0000000000
96788  -58.091  -52.975  2.754 0.0000000000
96789  -57.961  -52.393  2.532 0.0000000000
96790  -53.359  -46.575  0.204 0.0000000000
96791  -53.918  -46.728  0.076 0.0000000000
96792  -53.512  -46.368  -0.213 0.0000000000
96793  -53.645  -46.077  -0.632 0.0000000000
96794  -53.744  -45.729  -1.035 0.0000000000
96795  -53.846  -45.379  -1.410 0.0000000000
96796  -53.234  -45.265  -1.299 0.0000000000
96797  -52.763  -44.775  -1.489 0.0000000000
96798  -52.212  -44.274  -1.606 0.0000000000
96799  -50.839  -42.037  5.186 0.0000000000
96800  -50.244  -42.186  4.908 0.0000000000
96801  -50.535  -41.701  4.936 0.0000000000
96802  -50.284  -41.365  4.700 0.0000000000
96803  -50.065  -41.092  4.438 0.0000000000
96804  -49.567  -37.274  1.158 0.0000000000
96805  -49.191  -37.752  1.175 0.0000000000
96806  -48.966  -37.465  0.791 0.0000000000
96807  -48.483  -37.749  0.367 0.0000000000
96808  -48.171  -38.073  -0.096 0.0000000000
96809  -47.951  -38.441  -0.571 0.0000000000
96810  -47.995  -37.879  -0.465 0.0000000000
96811  -47.800  -37.744  -0.819 0.0000000000
96812  -47.611  -37.586  -1.250 0.0000000000
96813  -47.423  -37.431  -1.687 0.0000000000
96814  -47.689  -37.066  -1.169 0.0000000000
96815  -47.872  -36.576  -1.111 0.0000000000
96816  -48.148  -36.100  -1.068 0.0000000000
98613  -57.801  -49.110  14.027 0.0000000000
98614  -57.119  -49.378  14.170 0.0000000000
98615  -57.233  -48.937  13.860 0.0000000000
98616  -56.683  -48.737  13.681 0.0000000000
98617  -56.193  -48.506  13.475 0.0000000000
98618  -55.635  -48.239  13.277 0.0000000000
98619  -56.297  -47.955  13.098 0.0000000000
98620  -56.361  -47.383  12.738 0.0000000000
98621  -56.437  -46.765  12.378 0.0000000000
98622  -56.487  -46.282  12.083 0.0000000000
98623  -57.096  -46.445  12.285 0.0000000000
98624  -57.652  -46.086  12.158 0.0000000000
98625  -58.260  -45.835  12.092 0.0000000000
98627  -60.541  -45.640  12.296 0.0000000000
98628  -61.120  -45.321  12.264 0.0000000000
98629  -61.251  -44.844  11.962 0.0000000000
98630  -61.363  -44.321  11.628 0.0000000000
98631  -61.448  -43.869  11.311 0.0000000000
99689  -59.545  -43.863  -3.495 0.0000000000
101079  -44.390  -49.429  10.250 0.0000000000
101080  -43.997  -49.903  10.223 0.0000000000
101081  -44.349  -49.894  9.714 0.0000000000
101082  -44.408  -50.406  9.212 0.0000000000
101083  -44.584  -50.928  8.734 0.0000000000
101084  -46.702  -51.898  6.749 0.0000000000
101085  -46.165  -51.974  7.076 0.0000000000
101086  -46.612  -52.427  6.723 0.0000000000
101087  -46.617  -53.034  6.634 0.0000000000
101088  -46.616  -53.657  6.647 0.0000000000
101089  -46.658  -54.247  6.788 0.0000000000
101090  -47.224  -54.150  6.458 0.0000000000
101091  -47.874  -54.608  6.379 0.0000000000
101092  -48.547  -55.097  6.373 0.0000000000
101093  -49.163  -55.485  6.421 0.0000000000
101094  -49.023  -54.878  6.068 0.0000000000
101095  -49.482  -54.722  5.807 0.0000000000
101096  -49.926  -54.528  5.605 0.0000000000
101097  -50.532  -52.332  4.694 0.0000000000
101098  -50.569  -52.928  4.758 0.0000000000
101099  -51.045  -52.694  4.517 0.0000000000
101100  -51.567  -53.020  4.305 0.0000000000
101101  -52.113  -53.391  4.177 0.0000000000
101102  -52.665  -53.725  4.069 0.0000000000
101103  -52.606  -53.118  3.929 0.0000000000
101104  -53.120  -52.809  3.719 0.0000000000
101105  -53.636  -52.403  3.478 0.0000000000
101106  -54.116  -52.040  3.223 0.0000000000
101107  -53.591  -51.784  3.278 0.0000000000
101108  -53.563  -51.182  3.070 0.0000000000
101109  -53.412  -50.595  2.876 0.0000000000
101110  -51.429  -48.888  2.941 0.0000000000
101111  -51.926  -49.096  2.739 0.0000000000
101112  -51.742  -48.558  2.577 0.0000000000
101113  -52.018  -48.235  2.267 0.0000000000
101114  -52.258  -47.919  1.934 0.0000000000
101115  -52.555  -47.605  1.637 0.0000000000
101116  -51.995  -47.380  1.727 0.0000000000
101117  -51.687  -46.869  1.561 0.0000000000
101118  -51.343  -46.404  1.336 0.0000000000
101119  -54.750  -38.885  5.268 0.0000000000
101120  -53.968  -38.874  4.997 0.0000000000
101121  -54.548  -38.469  5.001 0.0000000000
101122  -54.323  -38.140  4.705 0.0000000000
101123  -54.226  -37.773  4.374 0.0000000000
101124  -55.958  -36.068  3.253 0.0000000000
101125  -55.266  -36.463  3.329 0.0000000000
101126  -55.119  -36.250  2.909 0.0000000000
101127  -54.298  -36.404  2.629 0.0000000000
101128  -53.443  -36.512  2.377 0.0000000000
101129  -52.624  -36.604  2.111 0.0000000000
101130  -53.185  -36.197  2.003 0.0000000000
101131  -52.943  -35.863  1.612 0.0000000000
101132  -52.705  -35.582  1.253 0.0000000000
101133  -52.480  -35.303  0.920 0.0000000000
101134  -53.281  -35.189  1.166 0.0000000000
101135  -53.885  -34.790  1.107 0.0000000000
101136  -54.552  -34.384  1.075 0.0000000000
101137  -58.680  -33.304  1.833 0.0000000000
101138  -57.752  -33.319  1.564 0.0000000000
101139  -58.469  -32.938  1.568 0.0000000000
101140  -58.254  -32.676  1.348 0.0000000000
101141  -58.002  -32.424  1.112 0.0000000000
101142  -57.728  -32.271  0.868 0.0000000000
101143  -58.721  -32.044  1.148 0.0000000000
101144  -59.435  -31.711  1.176 0.0000000000
104322  -51.346  -49.723  15.591 0.0000000000
104323  -50.679  -49.414  15.389 0.0000000000
104324  -49.741  -48.157  13.441 0.0000000000
104325  -49.611  -48.404  13.947 0.0000000000
104326  -49.024  -48.266  13.670 0.0000000000
104327  -48.298  -48.419  13.883 0.0000000000
104330  -47.044  -48.468  13.599 0.0000000000
104331  -46.505  -48.391  13.159 0.0000000000
104332  -46.038  -48.381  12.740 0.0000000000
104333  -45.560  -48.406  12.271 0.0000000000
104334  -46.224  -48.136  12.272 0.0000000000
104335  -46.363  -47.908  11.717 0.0000000000
104336  -46.526  -47.739  11.152 0.0000000000
104337  -48.616  -46.791  9.739 0.0000000000
104338  -48.023  -46.980  9.841 0.0000000000
104339  -48.151  -46.866  9.302 0.0000000000
104340  -47.708  -47.015  8.897 0.0000000000
104341  -47.347  -47.252  8.480 0.0000000000
104342  -47.067  -47.563  8.044 0.0000000000
104343  -47.558  -47.185  8.014 0.0000000000
104344  -47.779  -47.084  7.576 0.0000000000
104345  -47.990  -46.975  7.144 0.0000000000
104346  -48.143  -46.852  6.803 0.0000000000
104347  -48.396  -46.568  7.223 0.0000000000
104348  -48.812  -46.164  7.336 0.0000000000
104349  -49.267  -45.747  7.444 0.0000000000
104350  -51.936  -44.894  8.488 0.0000000000
104351  -51.324  -44.864  8.168 0.0000000000
104352  -51.884  -44.638  8.116 0.0000000000
104353  -51.812  -44.390  7.722 0.0000000000
104354  -51.747  -44.049  7.210 0.0000000000
104355  -51.672  -43.612  6.702 0.0000000000
104356  -52.260  -43.728  7.009 0.0000000000
104357  -52.811  -43.359  6.826 0.0000000000
104358  -53.272  -42.965  6.638 0.0000000000
104359  -56.597  -44.917  10.677 0.0000000000
104360  -55.993  -44.936  10.425 0.0000000000
104361  -56.644  -44.687  10.337 0.0000000000
104362  -56.674  -44.410  9.971 0.0000000000
104363  -56.689  -44.138  9.552 0.0000000000
104364  -58.612  -42.770  8.243 0.0000000000
104365  -58.060  -43.151  8.349 0.0000000000
104366  -57.967  -42.820  7.880 0.0000000000
104367  -57.295  -42.734  7.530 0.0000000000
104368  -56.578  -42.645  7.200 0.0000000000
104369  -55.804  -42.563  6.859 0.0000000000
104370  -56.314  -42.256  6.813 0.0000000000
104371  -56.052  -41.872  6.493 0.0000000000
104372  -55.836  -41.353  6.199 0.0000000000
104373  -55.606  -40.823  5.969 0.0000000000
104374  -56.375  -40.978  6.167 0.0000000000
104375  -56.958  -40.553  6.201 0.0000000000
104376  -57.521  -40.129  6.246 0.0000000000
104377  -61.102  -39.620  6.908 0.0000000000
104378  -60.326  -39.531  6.676 0.0000000000
104379  -61.005  -39.175  6.700 0.0000000000
104380  -60.910  -38.657  6.507 0.0000000000
104381  -60.791  -38.221  6.321 0.0000000000
104382  -60.679  -37.735  6.096 0.0000000000
104383  -61.429  -37.880  6.286 0.0000000000
104384  -62.102  -37.546  6.268 0.0000000000
104385  -62.771  -37.164  6.311 0.0000000000
111731  -42.949  -51.908  10.164 0.0000000000
111732  -42.555  -51.908  10.757 0.0000000000
111733  -42.714  -52.472  10.154 0.0000000000
111771  -51.434  -57.364  6.556 0.0000000000
111772  -51.513  -58.085  6.970 0.0000000000
111773  -51.909  -57.838  6.579 0.0000000000
111811  -55.855  -50.563  1.953 0.0000000000
111812  -56.386  -50.795  1.959 0.0000000000
111813  -56.182  -50.208  1.661 0.0000000000
111814  -56.525  -49.856  1.370 0.0000000000
111815  -56.870  -49.521  1.111 0.0000000000
111816  -56.477  -47.205  -0.226 0.0000000000
111817  -56.881  -47.596  0.014 0.0000000000
111818  -57.073  -47.233  -0.364 0.0000000000
111819  -57.722  -47.273  -0.522 0.0000000000
111820  -58.395  -47.315  -0.623 0.0000000000
111821  -59.076  -47.409  -0.644 0.0000000000
111822  -58.582  -46.905  -1.023 0.0000000000
111823  -58.742  -46.480  -1.445 0.0000000000
111824  -58.872  -46.040  -1.880 0.0000000000
111825  -58.992  -45.574  -2.281 0.0000000000
111826  -58.380  -45.633  -2.256 0.0000000000
111827  -57.850  -45.196  -2.568 0.0000000000
111828  -57.300  -44.726  -2.830 0.0000000000
111829  -54.140  -43.658  -2.791 0.0000000000
111830  -54.785  -43.715  -2.972 0.0000000000
111831  -54.232  -43.264  -3.079 0.0000000000
111832  -54.353  -42.971  -3.437 0.0000000000
111833  -54.392  -42.717  -3.858 0.0000000000
111834  -54.381  -42.471  -4.298 0.0000000000
111835  -53.734  -42.401  -4.080 0.0000000000
111836  -53.081  -42.101  -4.261 0.0000000000
111837  -52.444  -41.775  -4.436 0.0000000000
111838  -48.874  -46.194  5.339 0.0000000000
111839  -48.933  -46.623  4.917 0.0000000000
111840  -48.969  -45.970  4.902 0.0000000000
111841  -49.058  -45.750  4.414 0.0000000000
111842  -49.075  -45.537  3.967 0.0000000000
111843  -48.910  -43.288  3.278 0.0000000000
111844  -48.958  -43.886  3.209 0.0000000000
111845  -48.918  -43.683  2.811 0.0000000000
111846  -49.064  -44.109  2.387 0.0000000000
111847  -49.305  -44.469  1.988 0.0000000000
111848  -49.646  -44.823  1.603 0.0000000000
111849  -49.296  -44.247  1.612 0.0000000000
111850  -49.324  -44.066  1.246 0.0000000000
111851  -49.363  -43.858  0.906 0.0000000000
111852  -50.948  -39.097  3.925 0.0000000000
111853  -50.478  -39.525  3.972 0.0000000000
111854  -50.286  -39.218  3.672 0.0000000000
111855  -49.660  -39.415  3.335 0.0000000000
111856  -49.160  -39.672  2.956 0.0000000000
111857  -48.330  -39.801  0.894 0.0000000000
111858  -48.405  -40.039  1.293 0.0000000000
111859  -48.284  -40.433  0.781 0.0000000000
111860  -48.343  -41.027  0.631 0.0000000000
111861  -48.494  -41.663  0.480 0.0000000000
111862  -48.722  -42.318  0.348 0.0000000000
111863  -48.737  -42.099  -0.070 0.0000000000
111864  -49.072  -42.411  -0.519 0.0000000000
111865  -49.516  -42.660  -0.897 0.0000000000
111866  -49.994  -42.866  -1.255 0.0000000000
111867  -49.547  -42.389  -1.230 0.0000000000
111868  -49.572  -42.040  -1.537 0.0000000000
111869  -49.586  -41.711  -1.849 0.0000000000
111870  -48.234  -39.748  -2.548 0.0000000000
111871  -48.597  -40.204  -2.598 0.0000000000
111872  -48.541  -40.016  -2.973 0.0000000000
111873  -48.938  -40.250  -3.416 0.0000000000
111874  -49.421  -40.466  -3.796 0.0000000000
111875  -49.966  -40.667  -4.148 0.0000000000
111876  -49.440  -40.263  -4.229 0.0000000000
111877  -49.466  -40.033  -4.650 0.0000000000
111878  -49.507  -39.760  -5.099 0.0000000000
111880  -48.992  -39.355  -5.131 0.0000000000
111881  -48.518  -38.874  -5.204 0.0000000000
111883  -46.699  -36.528  -3.469 0.0000000000
111884  -46.760  -36.810  -4.034 0.0000000000
111885  -46.618  -36.235  -3.886 0.0000000000
111892  -51.245  -34.533  -0.190 0.0000000000
111893  -50.373  -34.747  -0.433 0.0000000000
111894  -50.891  -34.358  -0.463 0.0000000000
115739  -58.191  -49.724  14.559 0.0000000000
115742  -58.361  -49.256  14.199 0.0000000000
115743  -58.481  -48.789  13.834 0.0000000000
115744  -58.492  -48.275  13.425 0.0000000000
115745  -58.600  -47.734  13.025 0.0000000000
115746  -58.656  -47.206  12.741 0.0000000000
115747  -59.164  -47.375  12.932 0.0000000000
115748  -59.733  -47.001  12.893 0.0000000000
116576  -57.129  -42.751  -4.900 0.0000000000
116577  -57.631  -42.684  -5.090 0.0000000000
116578  -57.064  -42.342  -5.469 0.0000000000
117657  -45.619  -49.333  8.212 0.0000000000
117658  -45.352  -49.898  8.189 0.0000000000
117659  -45.773  -49.865  7.741 0.0000000000
117660  -46.010  -50.374  7.351 0.0000000000
117661  -46.322  -50.871  7.034 0.0000000000
117662  -46.841  -50.256  6.590 0.0000000000
117663  -46.751  -50.806  6.659 0.0000000000
117664  -46.699  -51.348  6.705 0.0000000000
117665  -47.188  -51.840  6.472 0.0000000000
117666  -47.713  -52.303  6.262 0.0000000000
117667  -48.262  -52.719  5.973 0.0000000000
117668  -48.718  -53.101  5.737 0.0000000000
117669  -48.691  -52.568  5.701 0.0000000000
117670  -49.124  -52.417  5.414 0.0000000000
117671  -49.535  -52.204  5.144 0.0000000000
117672  -49.025  -51.282  5.237 0.0000000000
117673  -49.517  -51.606  5.051 0.0000000000
117674  -50.007  -51.946  4.853 0.0000000000
117675  -50.488  -51.691  4.563 0.0000000000
117676  -51.018  -51.463  4.258 0.0000000000
117677  -51.524  -51.185  3.963 0.0000000000
117678  -52.028  -50.948  3.652 0.0000000000
117679  -51.486  -50.617  3.790 0.0000000000
117680  -51.401  -50.108  3.615 0.0000000000
117681  -51.255  -49.657  3.459 0.0000000000
117682  -50.345  -49.597  3.944 0.0000000000
117683  -50.758  -49.399  3.622 0.0000000000
117684  -51.135  -49.166  3.308 0.0000000000
117685  -50.949  -48.615  3.110 0.0000000000
117686  -50.746  -48.061  2.917 0.0000000000
117687  -50.534  -47.509  2.749 0.0000000000
117688  -57.422  -37.313  5.291 0.0000000000
117689  -56.613  -37.248  4.957 0.0000000000
117690  -57.251  -36.847  4.925 0.0000000000
117691  -57.091  -36.440  4.544 0.0000000000
117692  -56.907  -36.126  4.110 0.0000000000
117693  -58.450  -35.673  4.457 0.0000000000
117694  -57.568  -35.754  4.051 0.0000000000
117695  -56.775  -35.899  3.659 0.0000000000
117696  -56.630  -35.668  3.190 0.0000000000
117697  -56.451  -35.427  2.731 0.0000000000
117698  -56.232  -35.129  2.322 0.0000000000
117699  -55.981  -34.844  1.946 0.0000000000
117700  -56.898  -34.747  2.307 0.0000000000
117701  -57.530  -34.347  2.233 0.0000000000
117702  -58.183  -33.970  2.170 0.0000000000
117703  -59.238  -34.104  2.944 0.0000000000
117704  -59.080  -33.871  2.531 0.0000000000
117705  -58.874  -33.624  2.144 0.0000000000
117706  -59.586  -33.294  2.123 0.0000000000
117707  -60.271  -32.912  2.126 0.0000000000
117708  -60.913  -32.536  2.151 0.0000000000
120177  -52.879  -48.818  14.066 0.0000000000
120178  -52.159  -48.914  14.337 0.0000000000
120179  -52.238  -48.601  13.881 0.0000000000
120180  -51.634  -48.361  13.641 0.0000000000
120181  -50.993  -48.188  13.417 0.0000000000
120182  -51.758  -47.754  12.736 0.0000000000
120183  -51.098  -47.903  12.970 0.0000000000
120184  -50.402  -48.048  13.212 0.0000000000
120185  -49.834  -47.897  12.949 0.0000000000
120186  -49.314  -47.744  12.604 0.0000000000
120187  -48.743  -47.626  12.252 0.0000000000
120188  -48.168  -47.550  11.900 0.0000000000
120189  -48.841  -47.385  11.721 0.0000000000
120190  -48.986  -47.214  11.206 0.0000000000
120191  -49.099  -46.997  10.658 0.0000000000
120192  -50.300  -46.834  10.848 0.0000000000
120193  -49.768  -46.818  10.490 0.0000000000
120194  -49.202  -46.794  10.129 0.0000000000
120195  -49.276  -46.582  9.624 0.0000000000
120196  -49.420  -46.341  9.181 0.0000000000
120197  -49.543  -46.098  8.819 0.0000000000
120198  -49.606  -45.906  8.489 0.0000000000
120199  -50.087  -45.823  8.810 0.0000000000
120200  -50.687  -45.590  8.831 0.0000000000
120201  -51.321  -45.376  8.860 0.0000000000
120202  -51.804  -45.609  9.435 0.0000000000
120203  -51.881  -45.385  9.144 0.0000000000
120204  -51.950  -45.169  8.881 0.0000000000
120205  -52.535  -44.915  8.756 0.0000000000
120206  -53.114  -44.671  8.625 0.0000000000
120207  -53.701  -44.441  8.488 0.0000000000
120208  -59.079  -43.686  10.236 0.0000000000
120209  -58.536  -43.803  10.008 0.0000000000
120210  -59.162  -43.410  9.905 0.0000000000
120211  -59.292  -43.176  9.510 0.0000000000
120212  -59.336  -42.956  9.076 0.0000000000
120213  -60.481  -42.447  9.253 0.0000000000
120214  -59.924  -42.580  8.969 0.0000000000
120215  -59.273  -42.694  8.610 0.0000000000
120216  -59.135  -42.339  8.159 0.0000000000
120217  -58.962  -41.956  7.758 0.0000000000
120218  -58.855  -41.621  7.432 0.0000000000
120219  -58.725  -41.234  7.113 0.0000000000
120220  -59.401  -41.184  7.384 0.0000000000
120221  -59.966  -40.744  7.318 0.0000000000
120222  -60.569  -40.297  7.252 0.0000000000
120223  -61.566  -40.629  7.825 0.0000000000
120224  -61.390  -40.311  7.518 0.0000000000
120225  -61.237  -39.994  7.195 0.0000000000
120226  -61.879  -39.676  7.179 0.0000000000
120227  -62.499  -39.315  7.204 0.0000000000
120228  -63.094  -38.924  7.295 0.0000000000
125942  -44.470  -54.362  8.522 0.0000000000
125943  -43.955  -54.383  9.087 0.0000000000
125944  -44.569  -54.997  8.932 0.0000000000
125973  -52.923  -56.325  5.268 0.0000000000
125974  -53.100  -57.065  5.535 0.0000000000
125975  -53.533  -56.771  5.231 0.0000000000
125976  -54.109  -57.182  5.225 0.0000000000
125978  -55.031  -56.377  4.583 0.0000000000
126004  -54.779  -48.402  1.207 0.0000000000
126005  -55.351  -48.573  1.109 0.0000000000
126006  -55.070  -48.107  0.937 0.0000000000
126007  -55.372  -47.804  0.604 0.0000000000
126008  -55.622  -47.462  0.220 0.0000000000
126009  -54.550  -46.862  -0.022 0.0000000000
126010  -55.181  -46.966  -0.128 0.0000000000
126011  -55.829  -47.107  -0.186 0.0000000000
126012  -56.069  -46.780  -0.553 0.0000000000
126013  -56.179  -46.416  -1.022 0.0000000000
126014  -56.315  -46.043  -1.495 0.0000000000
126015  -56.433  -45.636  -1.960 0.0000000000
126016  -55.811  -45.588  -1.841 0.0000000000
126017  -55.260  -45.121  -2.138 0.0000000000
126018  -54.661  -44.652  -2.334 0.0000000000
126019  -53.945  -44.983  -1.781 0.0000000000
126020  -54.037  -44.556  -2.144 0.0000000000
126021  -54.094  -44.109  -2.490 0.0000000000
126022  -53.492  -43.577  -2.631 0.0000000000
126023  -52.944  -43.118  -2.747 0.0000000000
126024  -52.420  -42.683  -2.848 0.0000000000
126025  -49.675  -43.898  5.340 0.0000000000
126026  -49.332  -44.164  4.917 0.0000000000
126027  -49.539  -43.631  4.892 0.0000000000
126028  -49.378  -43.402  4.467 0.0000000000
126029  -49.210  -43.202  4.080 0.0000000000
126030  -49.764  -42.346  4.539 0.0000000000
126031  -49.382  -42.642  4.137 0.0000000000
126032  -49.071  -42.968  3.708 0.0000000000
126033  -48.925  -42.712  3.386 0.0000000000
126034  -48.808  -42.446  3.072 0.0000000000
126035  -48.707  -42.214  2.751 0.0000000000
126036  -50.326  -38.098  2.550 0.0000000000
126037  -49.834  -38.520  2.601 0.0000000000
126038  -49.694  -38.352  2.239 0.0000000000
126039  -49.163  -38.660  1.891 0.0000000000
126040  -48.744  -38.968  1.478 0.0000000000
126041  -48.912  -38.249  1.176 0.0000000000
126042  -48.663  -38.779  1.115 0.0000000000
126043  -48.461  -39.307  1.012 0.0000000000
126044  -48.286  -39.667  0.492 0.0000000000
126045  -48.217  -40.047  -0.026 0.0000000000
126046  -48.301  -40.397  -0.554 0.0000000000
126047  -48.507  -40.755  -1.028 0.0000000000
126048  -48.263  -40.168  -0.956 0.0000000000
126049  -48.197  -39.900  -1.310 0.0000000000
126050  -48.110  -39.676  -1.661 0.0000000000
126051  -47.815  -38.802  -1.084 0.0000000000
126052  -47.867  -39.202  -1.574 0.0000000000
126053  -48.027  -39.484  -2.074 0.0000000000
126054  -47.935  -39.297  -2.461 0.0000000000
126055  -47.822  -39.103  -2.906 0.0000000000
126056  -47.766  -38.909  -3.385 0.0000000000
126057  -47.686  -38.712  -3.858 0.0000000000
126058  -47.426  -38.408  -3.353 0.0000000000
126059  -47.137  -37.899  -3.276 0.0000000000
126060  -46.922  -37.364  -3.158 0.0000000000
126061  -47.240  -37.245  -2.125 0.0000000000
126062  -47.044  -37.036  -2.570 0.0000000000
126063  -46.828  -36.812  -3.019 0.0000000000
126064  -46.837  -36.233  -2.861 0.0000000000
126065  -46.929  -35.665  -2.685 0.0000000000
126066  -47.087  -35.134  -2.527 0.0000000000
130103  -53.330  -49.476  14.768 0.0000000000
130107  -56.447  -49.587  14.312 0.0000000000
130108  -55.784  -49.762  14.511 0.0000000000
130110  -54.569  -49.682  14.653 0.0000000000
130111  -54.005  -49.384  14.489 0.0000000000
130112  -53.477  -49.070  14.247 0.0000000000
130113  -53.577  -48.708  13.817 0.0000000000
130114  -53.624  -48.350  13.406 0.0000000000
130115  -53.697  -47.918  12.975 0.0000000000
130116  -55.012  -47.962  13.059 0.0000000000
130117  -54.411  -47.720  12.804 0.0000000000
130118  -53.732  -47.488  12.540 0.0000000000
130119  -53.762  -47.035  12.104 0.0000000000
130120  -53.828  -46.641  11.650 0.0000000000
130121  -53.963  -46.310  11.303 0.0000000000
130122  -54.029  -46.004  10.958 0.0000000000
130123  -54.627  -46.037  11.236 0.0000000000
130124  -55.289  -45.758  11.151 0.0000000000
130125  -55.944  -45.467  11.057 0.0000000000
130126  -56.500  -45.826  11.761 0.0000000000
130127  -56.534  -45.483  11.332 0.0000000000
130128  -56.553  -45.183  10.972 0.0000000000
130129  -57.201  -44.929  10.912 0.0000000000
130130  -57.823  -44.607  10.793 0.0000000000
130131  -58.436  -44.255  10.646 0.0000000000
130132  -58.699  -46.653  12.506 0.0000000000
130133  -58.798  -46.058  12.280 0.0000000000
130134  -58.872  -45.558  12.022 0.0000000000
130135  -60.048  -45.455  12.134 0.0000000000
130136  -59.492  -45.255  11.955 0.0000000000
130137  -58.896  -45.108  11.726 0.0000000000
130138  -58.956  -44.682  11.315 0.0000000000
130139  -59.032  -44.283  10.960 0.0000000000
130140  -59.048  -43.952  10.594 0.0000000000
130141  -59.673  -43.628  10.502 0.0000000000
130142  -60.319  -43.308  10.431 0.0000000000
130143  -60.980  -42.987  10.392 0.0000000000
130144  -61.526  -43.430  10.970 0.0000000000
130145  -61.582  -43.045  10.667 0.0000000000
130146  -61.645  -42.685  10.325 0.0000000000
135309  -43.438  -49.724  12.487 0.0000000000
135310  -43.002  -50.126  12.544 0.0000000000
135311  -43.247  -50.039  11.955 0.0000000000
135312  -43.160  -50.418  11.378 0.0000000000
135313  -43.162  -50.873  10.805 0.0000000000
135314  -43.693  -50.369  10.275 0.0000000000
135315  -43.492  -50.875  10.247 0.0000000000
135316  -43.231  -51.376  10.205 0.0000000000
135317  -43.384  -51.917  9.591 0.0000000000
135318  -43.634  -52.505  9.082 0.0000000000
135319  -43.972  -53.070  8.660 0.0000000000
135320  -45.138  -50.444  8.211 0.0000000000
135321  -44.966  -50.956  8.257 0.0000000000
135322  -44.853  -51.402  8.251 0.0000000000
135323  -45.666  -51.991  7.436 0.0000000000
135324  -45.174  -51.977  7.809 0.0000000000
135325  -44.724  -51.947  8.180 0.0000000000
135326  -44.576  -52.541  8.154 0.0000000000
135327  -44.466  -53.129  8.191 0.0000000000
135328  -44.426  -53.716  8.304 0.0000000000
135329  -45.014  -54.336  8.056 0.0000000000
135330  -45.654  -54.904  7.946 0.0000000000
135331  -46.341  -55.451  7.951 0.0000000000
135332  -46.772  -54.831  7.068 0.0000000000
135333  -46.909  -55.440  7.490 0.0000000000
135334  -47.035  -56.003  8.010 0.0000000000
135335  -47.675  -56.506  8.066 0.0000000000
135336  -48.292  -57.038  8.146 0.0000000000
135337  -48.957  -57.586  8.199 0.0000000000
135338  -49.605  -58.062  8.269 0.0000000000
135339  -49.489  -57.469  7.819 0.0000000000
135340  -49.975  -57.301  7.377 0.0000000000
135341  -50.424  -57.120  6.961 0.0000000000
135342  -49.763  -55.961  6.479 0.0000000000
135343  -50.323  -56.426  6.546 0.0000000000
135344  -50.879  -56.913  6.564 0.0000000000
135345  -51.230  -56.645  6.217 0.0000000000
135346  -51.601  -56.424  5.901 0.0000000000
135347  -52.014  -56.190  5.559 0.0000000000
135348  -49.244  -53.509  5.556 0.0000000000
135349  -49.788  -53.911  5.422 0.0000000000
135350  -50.349  -54.274  5.338 0.0000000000
135351  -50.619  -53.551  4.846 0.0000000000
135352  -50.760  -54.104  5.045 0.0000000000
135353  -50.881  -54.671  5.315 0.0000000000
135354  -51.380  -55.045  5.321 0.0000000000
135355  -51.893  -55.470  5.292 0.0000000000
135356  -52.413  -55.901  5.267 0.0000000000
135357  -52.878  -55.624  4.961 0.0000000000
135358  -53.381  -55.331  4.618 0.0000000000
135359  -53.838  -54.964  4.274 0.0000000000
135360  -53.232  -54.005  3.971 0.0000000000
135361  -53.775  -54.314  3.982 0.0000000000
135362  -54.342  -54.605  3.976 0.0000000000
135363  -54.860  -54.255  3.703 0.0000000000
135364  -55.387  -53.793  3.422 0.0000000000
135365  -55.888  -53.326  3.231 0.0000000000
135366  -56.401  -52.934  3.046 0.0000000000
135367  -55.807  -52.753  3.093 0.0000000000
135368  -55.704  -52.164  2.899 0.0000000000
135369  -55.588  -51.553  2.607 0.0000000000
135370  -54.609  -51.670  2.979 0.0000000000
135371  -55.034  -51.304  2.647 0.0000000000
135372  -55.457  -50.932  2.314 0.0000000000
135373  -55.228  -50.333  2.042 0.0000000000
135374  -54.925  -49.748  1.801 0.0000000000
135375  -54.634  -49.145  1.596 0.0000000000
135376  -52.473  -50.673  3.316 0.0000000000
135377  -52.861  -50.358  3.027 0.0000000000
135378  -53.199  -50.036  2.700 0.0000000000
135379  -52.447  -49.290  2.641 0.0000000000
135380  -52.966  -49.507  2.535 0.0000000000
135381  -53.520  -49.677  2.341 0.0000000000
135382  -53.808  -49.290  2.023 0.0000000000
135383  -54.102  -48.971  1.734 0.0000000000
135384  -54.435  -48.669  1.452 0.0000000000
135385  -54.180  -48.227  1.331 0.0000000000
135386  -53.889  -47.766  1.153 0.0000000000
135387  -53.564  -47.271  0.891 0.0000000000
135388  -52.820  -47.324  1.311 0.0000000000
135389  -53.024  -47.088  0.962 0.0000000000
135390  -53.202  -46.826  0.605 0.0000000000
135391  -52.752  -46.397  0.327 0.0000000000
135392  -52.282  -45.962  0.063 0.0000000000
135393  -51.812  -45.497  -0.171 0.0000000000
135394  -52.577  -40.450  5.235 0.0000000000
135395  -51.787  -40.460  5.047 0.0000000000
135396  -52.334  -40.097  4.985 0.0000000000
135397  -52.072  -39.746  4.749 0.0000000000
135398  -51.792  -39.398  4.534 0.0000000000
135399  -53.176  -38.899  4.719 0.0000000000
135400  -52.361  -38.972  4.475 0.0000000000
135401  -51.619  -39.016  4.211 0.0000000000
135402  -51.493  -38.687  3.885 0.0000000000
135403  -51.394  -38.343  3.550 0.0000000000
135404  -51.198  -38.118  3.216 0.0000000000
135405  -55.726  -37.273  4.613 0.0000000000
135406  -54.882  -37.366  4.298 0.0000000000
135407  -54.074  -37.496  4.012 0.0000000000
135408  -54.579  -36.879  3.461 0.0000000000
135409  -53.908  -37.254  3.586 0.0000000000
135410  -53.263  -37.601  3.690 0.0000000000
135411  -52.502  -37.677  3.398 0.0000000000
135412  -51.734  -37.778  3.127 0.0000000000
135413  -50.974  -37.948  2.865 0.0000000000
135414  -50.813  -37.735  2.496 0.0000000000
135415  -50.658  -37.516  2.130 0.0000000000
135416  -50.483  -37.284  1.786 0.0000000000
135417  -51.810  -36.700  1.905 0.0000000000
135418  -50.997  -36.829  1.690 0.0000000000
135419  -50.261  -37.044  1.444 0.0000000000
135420  -50.012  -36.763  1.065 0.0000000000
135421  -49.813  -36.511  0.690 0.0000000000
135422  -49.522  -36.316  0.326 0.0000000000
135423  -49.216  -36.144  -0.017 0.0000000000
135424  -49.954  -35.885  0.263 0.0000000000
135425  -50.463  -35.469  0.184 0.0000000000
135426  -51.013  -35.078  0.154 0.0000000000
135427  -52.204  -35.053  0.621 0.0000000000
135428  -51.910  -34.854  0.353 0.0000000000
135429  -51.576  -34.701  0.090 0.0000000000
135430  -52.144  -34.324  0.030 0.0000000000
135433  -55.683  -34.581  1.630 0.0000000000
135434  -55.422  -34.258  1.344 0.0000000000
135435  -55.146  -33.912  1.049 0.0000000000
135436  -56.787  -33.392  1.289 0.0000000000
135437  -55.848  -33.508  1.062 0.0000000000
135438  -54.905  -33.658  0.802 0.0000000000
135439  -54.678  -33.445  0.573 0.0000000000
142005  -51.456  -49.010  14.624 0.0000000000
142006  -50.731  -49.081  14.893 0.0000000000
142007  -50.017  -49.187  15.190 0.0000000000
142008  -49.486  -48.701  14.464 0.0000000000
142009  -49.360  -49.012  14.967 0.0000000000
142022  -43.694  -49.555  13.025 0.0000000000
142023  -43.919  -49.369  12.441 0.0000000000
142024  -44.130  -49.203  11.828 0.0000000000
142025  -44.357  -49.117  11.291 0.0000000000
142026  -45.184  -48.550  11.773 0.0000000000
142027  -44.863  -48.741  11.285 0.0000000000
142028  -44.587  -49.038  10.772 0.0000000000
142029  -44.821  -49.003  10.228 0.0000000000
142030  -45.094  -48.927  9.720 0.0000000000
142031  -45.344  -48.891  9.193 0.0000000000
142032  -47.643  -47.538  11.549 0.0000000000
142033  -47.138  -47.540  11.094 0.0000000000
142034  -46.677  -47.614  10.632 0.0000000000
142035  -47.438  -47.195  9.960 0.0000000000
142036  -46.812  -47.472  10.102 0.0000000000
142037  -46.256  -47.789  10.196 0.0000000000
142038  -45.937  -48.083  9.682 0.0000000000
142039  -45.729  -48.428  9.168 0.0000000000
142040  -45.621  -48.831  8.675 0.0000000000
142041  -45.921  -48.819  8.218 0.0000000000
142042  -46.238  -48.765  7.751 0.0000000000
142043  -46.580  -48.722  7.258 0.0000000000
142044  -46.956  -47.933  7.613 0.0000000000
142045  -46.913  -48.315  7.181 0.0000000000
142046  -46.930  -48.660  6.764 0.0000000000
142047  -47.267  -48.673  6.298 0.0000000000
142048  -47.602  -48.617  5.902 0.0000000000
142049  -47.964  -48.532  5.447 0.0000000000
142050  -48.330  -48.386  5.169 0.0000000000
142051  -48.151  -47.998  5.493 0.0000000000
142052  -48.329  -47.471  5.559 0.0000000000
142053  -48.517  -46.935  5.642 0.0000000000
142054  -48.332  -46.722  6.444 0.0000000000
142055  -48.531  -46.579  6.095 0.0000000000
142056  -48.730  -46.400  5.746 0.0000000000
142057  -48.916  -45.844  5.765 0.0000000000
142058  -49.152  -45.286  5.821 0.0000000000
142059  -49.423  -44.759  5.846 0.0000000000
142060  -49.669  -45.706  8.186 0.0000000000
142061  -49.717  -45.517  7.869 0.0000000000
142062  -49.698  -45.355  7.508 0.0000000000
142063  -50.717  -44.894  7.823 0.0000000000
142064  -50.175  -44.999  7.522 0.0000000000
142065  -49.730  -45.108  7.111 0.0000000000
142066  -49.776  -44.848  6.686 0.0000000000
142067  -49.742  -44.581  6.252 0.0000000000
142068  -49.723  -44.254  5.796 0.0000000000
142069  -50.034  -43.743  5.732 0.0000000000
142070  -50.371  -43.287  5.660 0.0000000000
142071  -50.729  -42.829  5.560 0.0000000000
142072  -51.538  -43.138  6.231 0.0000000000
142073  -51.356  -42.726  5.825 0.0000000000
142074  -51.122  -42.339  5.443 0.0000000000
142075  -51.471  -41.952  5.413 0.0000000000
142076  -51.893  -41.601  5.431 0.0000000000
142077  -52.346  -41.251  5.452 0.0000000000
142078  -54.057  -45.701  10.595 0.0000000000
142079  -54.092  -45.414  10.233 0.0000000000
142080  -54.151  -45.134  9.871 0.0000000000
142081  -55.406  -44.932  10.151 0.0000000000
142082  -54.806  -44.880  9.841 0.0000000000
142083  -54.229  -44.880  9.479 0.0000000000
142084  -54.274  -44.658  9.098 0.0000000000
142085  -54.307  -44.435  8.752 0.0000000000
142086  -54.306  -44.191  8.331 0.0000000000
142087  -58.008  -43.890  9.747 0.0000000000
142088  -57.325  -43.919  9.439 0.0000000000
142089  -56.708  -43.909  9.124 0.0000000000
142090  -57.472  -43.467  8.491 0.0000000000
142091  -56.783  -43.685  8.634 0.0000000000
142092  -56.123  -43.930  8.785 0.0000000000
142093  -55.520  -43.954  8.523 0.0000000000
142094  -54.928  -43.930  8.219 0.0000000000
142095  -54.302  -43.907  7.889 0.0000000000
142096  -54.214  -43.537  7.392 0.0000000000
142097  -54.009  -43.089  6.900 0.0000000000
142098  -53.738  -42.591  6.450 0.0000000000
142099  -55.000  -42.444  6.572 0.0000000000
142100  -54.229  -42.261  6.315 0.0000000000
142101  -53.493  -42.119  6.078 0.0000000000
142102  -53.269  -41.704  5.828 0.0000000000
142103  -53.090  -41.305  5.632 0.0000000000
142104  -52.840  -40.869  5.443 0.0000000000
142105  -53.334  -40.509  5.420 0.0000000000
142106  -53.821  -40.140  5.417 0.0000000000
142107  -54.331  -39.755  5.431 0.0000000000
142108  -55.340  -40.311  5.778 0.0000000000
142109  -55.120  -39.821  5.629 0.0000000000
142110  -54.894  -39.335  5.494 0.0000000000
142111  -55.535  -38.929  5.524 0.0000000000
142112  -56.218  -38.517  5.559 0.0000000000
142113  -56.908  -38.128  5.602 0.0000000000
142114  -58.529  -40.763  6.811 0.0000000000
142115  -58.294  -40.227  6.526 0.0000000000
142116  -58.139  -39.703  6.294 0.0000000000
142117  -59.572  -39.440  6.511 0.0000000000
142118  -58.804  -39.292  6.334 0.0000000000
142119  -57.994  -39.197  6.135 0.0000000000
142120  -57.854  -38.706  6.000 0.0000000000
142121  -57.741  -38.214  5.832 0.0000000000
142122  -57.597  -37.747  5.573 0.0000000000
142123  -58.295  -37.395  5.534 0.0000000000
142124  -58.997  -37.028  5.500 0.0000000000
142125  -59.686  -36.645  5.474 0.0000000000
142126  -60.527  -37.234  5.877 0.0000000000
142127  -60.443  -36.755  5.685 0.0000000000
142128  -60.326  -36.267  5.468 0.0000000000
142129  -60.988  -35.896  5.449 0.0000000000
142130  -61.662  -35.529  5.410 0.0000000000
142131  -62.316  -35.154  5.360 0.0000000000
156368  -63.677  -38.773  7.712 0.0000000000
156369  -63.602  -38.495  7.346 0.0000000000
156378  -63.568  -38.114  7.055 0.0000000000
156379  -63.553  -37.694  6.802 0.0000000000
156380  -63.473  -37.185  6.579 0.0000000000
156381  -63.388  -36.635  6.341 0.0000000000
156383  -63.964  -36.080  6.395 0.0000000000
156384  -63.328  -36.100  6.119 0.0000000000
156385  -63.193  -35.605  5.883 0.0000000000
156386  -63.012  -35.141  5.589 0.0000000000
156387  -62.863  -34.677  5.212 0.0000000000
156467  -63.279  -34.188  5.007 0.0000000000
156468  -62.668  -34.229  4.786 0.0000000000
156469  -62.484  -33.862  4.398 0.0000000000
156470  -62.331  -33.542  3.992 0.0000000000
156471  -62.167  -33.250  3.538 0.0000000000
156473  -62.701  -32.827  3.407 0.0000000000
156474  -61.965  -32.977  3.121 0.0000000000
156475  -61.781  -32.722  2.759 0.0000000000
156476  -61.640  -32.421  2.422 0.0000000000
156477  -61.524  -32.101  2.113 0.0000000000
156485  -62.183  -31.742  2.111 0.0000000000
156486  -61.430  -31.813  1.869 0.0000000000
156487  -61.272  -31.537  1.650 0.0000000000
156984  -50.178  -58.528  8.338 0.0000000000
156993  -53.218  -57.842  5.942 0.0000000000
157065  -56.857  -52.613  2.807 0.0000000000
157066  -57.330  -52.232  2.559 0.0000000000
157067  -57.819  -51.907  2.319 0.0000000000
157068  -56.951  -51.010  1.946 0.0000000000
157069  -57.544  -51.287  1.967 0.0000000000
157070  -58.172  -51.523  1.977 0.0000000000
157071  -58.638  -51.117  1.675 0.0000000000
157072  -59.152  -50.660  1.406 0.0000000000
157073  -59.580  -50.029  1.132 0.0000000000
157074  -55.950  -48.704  0.997 0.0000000000
157075  -56.587  -48.864  0.893 0.0000000000
157076  -57.235  -49.091  0.800 0.0000000000
157077  -57.260  -48.046  0.220 0.0000000000
157078  -57.602  -48.622  0.450 0.0000000000
157079  -57.917  -49.324  0.750 0.0000000000
157080  -58.638  -49.403  0.768 0.0000000000
157081  -59.320  -49.407  0.813 0.0000000000
157082  -59.992  -49.458  0.841 0.0000000000
157083  -60.353  -48.930  0.509 0.0000000000
157086  -59.771  -47.436  -0.661 0.0000000000
157087  -60.451  -47.442  -0.686 0.0000000000
157093  -60.403  -45.017  -2.564 0.0000000000
157094  -59.920  -44.667  -2.883 0.0000000000
157095  -59.130  -45.135  -2.618 0.0000000000
157096  -59.277  -44.758  -2.889 0.0000000000
157097  -59.415  -44.304  -3.183 0.0000000000
157098  -58.851  -43.923  -3.460 0.0000000000
157099  -58.262  -43.568  -3.752 0.0000000000
157100  -57.674  -43.262  -4.091 0.0000000000
157101  -56.546  -45.205  -2.378 0.0000000000
157102  -56.664  -44.739  -2.753 0.0000000000
157103  -56.735  -44.250  -3.074 0.0000000000
157104  -55.445  -43.744  -3.158 0.0000000000
157105  -56.159  -43.788  -3.302 0.0000000000
157106  -56.834  -43.832  -3.368 0.0000000000
157107  -56.915  -43.468  -3.647 0.0000000000
157108  -56.984  -43.216  -4.028 0.0000000000
157109  -57.033  -42.993  -4.450 0.0000000000
157110  -56.432  -42.706  -4.772 0.0000000000
157111  -55.820  -42.378  -5.075 0.0000000000
157112  -55.213  -42.056  -5.315 0.0000000000
157113  -54.441  -42.286  -4.662 0.0000000000
157114  -54.494  -42.049  -5.065 0.0000000000
157119  -48.707  -48.274  4.867 0.0000000000
157120  -49.086  -48.124  4.542 0.0000000000
157121  -49.431  -47.937  4.177 0.0000000000
157122  -49.142  -47.036  4.478 0.0000000000
157123  -49.367  -47.385  4.142 0.0000000000
157124  -49.684  -47.717  3.800 0.0000000000
157125  -49.894  -47.500  3.370 0.0000000000
157126  -50.106  -47.214  2.996 0.0000000000
157127  -50.295  -46.945  2.632 0.0000000000
157128  -49.126  -44.527  4.430 0.0000000000
157129  -49.004  -44.912  3.975 0.0000000000
157130  -49.071  -45.338  3.560 0.0000000000
157131  -49.037  -44.509  3.156 0.0000000000
157132  -49.155  -45.117  3.147 0.0000000000
157133  -49.337  -45.706  3.159 0.0000000000
157134  -49.660  -46.023  2.806 0.0000000000
157135  -50.050  -46.336  2.494 0.0000000000
157136  -50.499  -46.707  2.294 0.0000000000
157137  -50.673  -46.425  1.879 0.0000000000
157138  -50.812  -46.174  1.472 0.0000000000
157139  -50.937  -45.924  1.165 0.0000000000
157140  -50.059  -45.107  1.288 0.0000000000
157141  -50.522  -45.414  1.048 0.0000000000
157142  -51.050  -45.683  0.816 0.0000000000
157143  -51.154  -45.441  0.427 0.0000000000
157144  -51.216  -45.224  0.043 0.0000000000
157145  -51.305  -44.977  -0.324 0.0000000000
157146  -51.111  -40.509  4.778 0.0000000000
157147  -50.449  -40.633  4.495 0.0000000000
157148  -49.837  -40.803  4.193 0.0000000000
157149  -50.032  -39.989  3.931 0.0000000000
157150  -49.660  -40.466  3.888 0.0000000000
157151  -49.361  -40.985  3.799 0.0000000000
157152  -48.981  -41.276  3.370 0.0000000000
157153  -48.728  -41.603  2.910 0.0000000000
157154  -48.616  -41.990  2.430 0.0000000000
157155  -49.383  -38.988  2.622 0.0000000000
157156  -49.025  -39.449  2.601 0.0000000000
157157  -48.781  -39.962  2.576 0.0000000000
157158  -48.462  -40.234  1.708 0.0000000000
157159  -48.527  -40.381  2.106 0.0000000000
157160  -48.622  -40.567  2.453 0.0000000000
157161  -48.531  -41.186  2.296 0.0000000000
157162  -48.526  -41.810  2.106 0.0000000000
157163  -48.634  -42.489  1.910 0.0000000000
157164  -48.801  -42.901  1.453 0.0000000000
157165  -49.044  -43.288  0.997 0.0000000000
157166  -49.340  -43.638  0.539 0.0000000000
157167  -49.015  -42.930  0.241 0.0000000000
157168  -49.370  -43.454  0.177 0.0000000000
157169  -49.794  -43.980  0.159 0.0000000000
157170  -50.284  -44.214  -0.192 0.0000000000
157171  -50.807  -44.433  -0.487 0.0000000000
157172  -51.414  -44.693  -0.712 0.0000000000
157173  -51.492  -44.412  -1.114 0.0000000000
157174  -51.552  -44.115  -1.448 0.0000000000
157175  -51.635  -43.766  -1.732 0.0000000000
157176  -50.458  -43.072  -1.561 0.0000000000
157177  -51.086  -43.251  -1.831 0.0000000000
157178  -51.668  -43.377  -2.066 0.0000000000
157179  -51.720  -42.966  -2.360 0.0000000000
157180  -51.775  -42.557  -2.628 0.0000000000
157181  -51.834  -42.228  -2.945 0.0000000000
157182  -48.795  -41.000  -1.460 0.0000000000
157183  -49.150  -41.205  -1.850 0.0000000000
157184  -49.594  -41.401  -2.178 0.0000000000
157185  -49.063  -40.664  -2.612 0.0000000000
157186  -49.568  -41.126  -2.564 0.0000000000
157187  -50.098  -41.582  -2.472 0.0000000000
157188  -50.623  -41.698  -2.778 0.0000000000
157189  -51.198  -41.818  -3.080 0.0000000000
157190  -51.831  -41.988  -3.308 0.0000000000
157191  -51.802  -41.798  -3.761 0.0000000000
157192  -51.797  -41.615  -4.189 0.0000000000
157193  -51.806  -41.421  -4.578 0.0000000000
157194  -50.593  -40.885  -4.494 0.0000000000
157195  -51.186  -41.003  -4.759 0.0000000000
157209  -47.623  -38.446  -4.307 0.0000000000
157210  -47.599  -38.158  -4.754 0.0000000000
157227  -48.985  -35.988  -0.369 0.0000000000
157228  -48.730  -35.841  -0.717 0.0000000000
157229  -48.474  -35.651  -1.068 0.0000000000
157230  -49.584  -34.993  -0.739 0.0000000000
157231  -48.850  -35.225  -1.053 0.0000000000
157232  -48.170  -35.474  -1.400 0.0000000000
157233  -47.828  -35.264  -1.719 0.0000000000
157234  -47.550  -34.935  -2.045 0.0000000000
157235  -47.301  -34.616  -2.368 0.0000000000
157243  -47.552  -34.087  -2.214 0.0000000000
157244  -47.044  -34.267  -2.723 0.0000000000
157245  -46.861  -33.952  -3.092 0.0000000000
157246  -46.675  -33.628  -3.456 0.0000000000
