#!ascii label  , from subject fsaverage vox2ras=TkReg 
1439
23  -4.537  15.351  23.117 0.0000000000
74  -8.258  5.947  36.421 0.0000000000
422  -4.378  12.164  30.484 0.0000000000
506  -6.211  26.770  17.993 0.0000000000
509  -8.292  21.804  27.857 0.0000000000
510  -11.817  14.242  34.264 0.0000000000
944  -5.907  9.542  34.397 0.0000000000
1108  -4.744  28.103  13.715 0.0000000000
1109  -5.532  32.709  16.031 0.0000000000
1116  -11.367  25.920  24.584 0.0000000000
1118  -10.641  17.832  30.794 0.0000000000
1946  -5.869  13.896  26.570 0.0000000000
1947  -3.670  9.286  26.154 0.0000000000
1948  -6.153  7.819  28.958 0.0000000000
2161  -2.657  22.919  17.096 0.0000000000
2162  -6.016  21.038  20.364 0.0000000000
2169  -7.395  30.168  21.340 0.0000000000
2170  -5.441  25.086  23.539 0.0000000000
2171  -5.168  19.392  25.189 0.0000000000
2172  -6.276  17.503  29.537 0.0000000000
2173  -8.357  13.951  32.465 0.0000000000
2174  -9.946  10.584  35.325 0.0000000000
2714  -2.511  16.138  21.780 0.0000000000
2716  -1.349  13.214  23.257 0.0000000000
2864  -6.893  7.872  35.534 0.0000000000
2865  -5.063  6.777  35.337 0.0000000000
4274  -4.628  13.101  28.330 0.0000000000
4275  -6.044  10.886  27.772 0.0000000000
4276  -4.990  9.995  29.366 0.0000000000
4765  -6.027  27.303  15.699 0.0000000000
4766  -3.528  25.537  15.303 0.0000000000
4767  -5.290  24.660  17.116 0.0000000000
4768  -4.450  21.984  18.663 0.0000000000
4769  -6.397  23.956  19.067 0.0000000000
4786  -9.105  31.956  19.321 0.0000000000
4787  -11.005  30.007  21.214 0.0000000000
4788  -9.852  23.743  26.199 0.0000000000
4789  -7.781  26.032  24.691 0.0000000000
4790  -6.731  23.742  26.142 0.0000000000
4791  -5.006  22.317  24.423 0.0000000000
4792  -6.131  21.348  27.273 0.0000000000
4793  -5.339  18.840  27.596 0.0000000000
4794  -7.297  19.846  28.875 0.0000000000
4795  -11.420  15.849  32.403 0.0000000000
4796  -9.299  15.898  31.600 0.0000000000
4797  -10.020  14.093  33.125 0.0000000000
4798  -9.273  12.068  33.885 0.0000000000
4799  -10.522  12.577  34.821 0.0000000000
5377  -3.650  6.151  27.557 0.0000000000
5379  -0.936  3.605  27.794 0.0000000000
6308  -5.085  10.996  32.620 0.0000000000
6309  -4.354  9.012  31.281 0.0000000000
6310  -4.796  7.908  33.396 0.0000000000
6602  -2.889  28.923  11.944 0.0000000000
6603  -5.840  30.626  12.311 0.0000000000
6604  -6.237  30.226  14.574 0.0000000000
6605  -5.507  29.635  16.967 0.0000000000
6619  -11.361  21.618  28.125 0.0000000000
6620  -9.495  19.914  29.422 0.0000000000
6621  -12.276  19.802  29.915 0.0000000000
6622  -12.972  17.958  31.785 0.0000000000
8438  -5.939  14.584  24.729 0.0000000000
8439  -4.009  12.272  24.679 0.0000000000
8440  -5.692  11.633  26.097 0.0000000000
8441  -5.527  8.538  27.427 0.0000000000
8442  -5.598  5.457  28.723 0.0000000000
8443  -5.068  6.997  30.463 0.0000000000
9045  -1.618  26.400  13.728 0.0000000000
9048  -1.630  20.095  18.787 0.0000000000
9049  -3.479  19.077  20.138 0.0000000000
9050  -5.250  18.242  21.636 0.0000000000
9070  -5.966  31.883  18.920 0.0000000000
9071  -5.232  28.867  19.876 0.0000000000
9072  -9.516  28.009  22.897 0.0000000000
9073  -6.163  27.843  22.678 0.0000000000
9074  -5.123  25.979  20.688 0.0000000000
9075  -5.934  23.087  21.696 0.0000000000
9076  -6.457  20.268  22.709 0.0000000000
9077  -6.345  17.416  23.788 0.0000000000
9078  -5.533  16.691  25.699 0.0000000000
9079  -4.654  15.995  27.743 0.0000000000
9080  -5.115  14.909  30.093 0.0000000000
9081  -8.319  17.986  30.267 0.0000000000
9082  -7.355  15.779  31.035 0.0000000000
9083  -6.144  13.485  31.993 0.0000000000
9084  -7.137  11.751  33.479 0.0000000000
9085  -8.129  9.944  34.661 0.0000000000
9086  -9.352  8.244  35.736 0.0000000000
9094  -10.610  9.043  36.872 0.0000000000
9095  -10.546  6.469  36.942 0.0000000000
10394  -3.538  15.770  22.387 0.0000000000
10395  -1.926  14.677  22.493 0.0000000000
10396  -2.961  14.230  23.045 0.0000000000
10544  -7.522  6.838  35.998 0.0000000000
10545  -6.386  6.511  36.116 0.0000000000
10546  -7.077  5.523  36.550 0.0000000000
11954  -4.321  12.646  29.363 0.0000000000
11955  -4.805  11.563  28.873 0.0000000000
11956  -4.392  11.097  29.779 0.0000000000
12445  -6.239  27.098  16.815 0.0000000000
12446  -5.701  25.967  16.370 0.0000000000
12447  -6.153  25.687  17.406 0.0000000000
12448  -5.934  24.303  18.029 0.0000000000
12449  -6.394  25.339  18.516 0.0000000000
12466  -11.585  31.010  20.526 0.0000000000
12467  -12.388  30.292  21.671 0.0000000000
12468  -9.087  22.781  27.080 0.0000000000
12469  -8.067  23.841  26.386 0.0000000000
12470  -7.522  22.841  27.034 0.0000000000
12471  -6.421  22.561  26.694 0.0000000000
12472  -7.197  21.718  27.637 0.0000000000
12473  -6.757  20.631  28.095 0.0000000000
12474  -7.758  20.865  28.404 0.0000000000
12475  -11.654  14.995  33.305 0.0000000000
12476  -10.618  14.974  32.825 0.0000000000
12477  -10.891  14.174  33.663 0.0000000000
12478  -10.319  13.294  33.967 0.0000000000
12479  -11.125  13.453  34.548 0.0000000000
13057  -3.752  4.577  28.153 0.0000000000
13058  -2.224  4.884  27.596 0.0000000000
13059  -2.423  3.262  28.136 0.0000000000
14354  -5.507  10.257  33.609 0.0000000000
14355  -4.968  9.435  33.055 0.0000000000
14356  -5.231  8.850  34.068 0.0000000000
14846  -6.054  31.764  14.115 0.0000000000
14847  -5.733  31.524  15.264 0.0000000000
14848  -5.939  29.986  15.789 0.0000000000
14849  -5.384  31.115  16.472 0.0000000000
14871  -12.114  22.769  27.383 0.0000000000
14872  -12.602  21.760  28.560 0.0000000000
14873  -11.839  20.703  29.046 0.0000000000
18584  -6.120  14.239  25.632 0.0000000000
18585  -5.817  13.117  25.377 0.0000000000
18586  -6.092  12.727  26.257 0.0000000000
18587  -6.099  9.353  28.383 0.0000000000
18588  -6.046  9.691  27.531 0.0000000000
18589  -6.037  8.178  28.168 0.0000000000
18590  -5.524  7.019  28.077 0.0000000000
18591  -6.043  6.633  28.778 0.0000000000
18592  -4.353  7.469  31.674 0.0000000000
18593  -4.491  7.994  30.705 0.0000000000
20055  -3.837  28.573  12.807 0.0000000000
20056  -2.147  27.670  12.813 0.0000000000
20057  -3.135  27.221  13.667 0.0000000000
20058  -3.065  24.265  16.191 0.0000000000
20059  -2.148  24.733  15.346 0.0000000000
20060  -1.764  23.388  16.338 0.0000000000
20064  -2.171  21.515  17.928 0.0000000000
20065  -5.288  21.496  19.485 0.0000000000
20066  -3.994  20.541  19.410 0.0000000000
20067  -4.872  20.104  20.173 0.0000000000
20068  -4.409  18.626  20.874 0.0000000000
20069  -5.624  19.649  20.985 0.0000000000
20118  -8.150  31.084  20.337 0.0000000000
20119  -7.316  32.148  19.350 0.0000000000
20120  -6.493  31.178  20.250 0.0000000000
20121  -5.461  30.479  19.470 0.0000000000
20122  -5.979  29.882  20.873 0.0000000000
20123  -12.026  27.141  23.930 0.0000000000
20124  -11.261  27.991  22.968 0.0000000000
20125  -10.489  26.971  23.683 0.0000000000
20126  -6.397  25.807  24.376 0.0000000000
20127  -6.913  27.018  23.769 0.0000000000
20128  -5.824  26.493  23.094 0.0000000000
20129  -5.315  27.041  21.755 0.0000000000
20130  -5.092  25.552  22.107 0.0000000000
20131  -5.467  24.489  21.183 0.0000000000
20132  -5.035  24.087  22.482 0.0000000000
20133  -5.062  20.862  24.846 0.0000000000
20134  -5.540  21.240  23.423 0.0000000000
20135  -5.853  19.839  23.945 0.0000000000
20136  -6.502  18.791  23.236 0.0000000000
20137  -6.033  18.384  24.450 0.0000000000
20138  -6.138  17.100  24.786 0.0000000000
20139  -5.402  18.046  25.359 0.0000000000
20140  -5.710  18.270  28.664 0.0000000000
20141  -4.970  17.386  27.640 0.0000000000
20142  -5.243  16.909  28.841 0.0000000000
20143  -4.726  15.483  28.956 0.0000000000
20144  -5.718  16.221  29.784 0.0000000000
20145  -10.044  18.863  30.102 0.0000000000
20146  -8.783  18.981  29.873 0.0000000000
20147  -9.295  17.899  30.562 0.0000000000
20148  -8.872  14.963  32.059 0.0000000000
20149  -8.382  15.943  31.352 0.0000000000
20150  -7.842  14.885  31.808 0.0000000000
20151  -6.728  14.658  31.525 0.0000000000
20152  -7.245  13.797  32.257 0.0000000000
20153  -6.663  12.660  32.754 0.0000000000
20154  -7.784  12.802  32.930 0.0000000000
20155  -9.658  11.370  34.598 0.0000000000
20156  -8.778  11.026  34.246 0.0000000000
20157  -9.229  10.194  34.916 0.0000000000
20158  -8.728  9.056  35.204 0.0000000000
20159  -9.709  9.439  35.519 0.0000000000
20181  -10.686  7.796  36.915 0.0000000000
20183  -10.877  5.649  37.604 0.0000000000
21892  -3.813  10.870  25.396 0.0000000000
21893  -2.403  11.191  24.718 0.0000000000
21894  -2.171  9.645  25.499 0.0000000000
23318  -1.643  16.640  21.234 0.0000000000
23588  -6.337  8.740  35.044 0.0000000000
23589  -5.429  8.238  34.939 0.0000000000
23590  -5.840  7.443  35.599 0.0000000000
23591  -5.371  5.987  36.073 0.0000000000
26126  -5.217  13.578  27.467 0.0000000000
26127  -5.963  12.352  27.213 0.0000000000
26128  -5.477  12.050  28.015 0.0000000000
26129  -5.609  10.490  28.632 0.0000000000
26130  -5.712  9.042  29.180 0.0000000000
27009  -5.497  27.685  14.675 0.0000000000
27010  -4.123  26.783  14.500 0.0000000000
27011  -5.033  26.371  15.385 0.0000000000
27012  -4.451  25.086  16.185 0.0000000000
27013  -4.024  23.806  17.035 0.0000000000
27014  -3.556  22.478  17.868 0.0000000000
27015  -4.910  23.317  17.904 0.0000000000
27016  -5.682  22.907  18.770 0.0000000000
27017  -6.292  22.525  19.681 0.0000000000
27045  -11.191  32.742  18.676 0.0000000000
27046  -9.692  32.752  18.515 0.0000000000
27047  -10.715  31.841  19.391 0.0000000000
27048  -10.054  30.900  20.250 0.0000000000
27049  -9.217  29.999  21.186 0.0000000000
27050  -10.574  24.808  25.338 0.0000000000
27051  -9.645  25.943  24.533 0.0000000000
27052  -8.778  24.911  25.421 0.0000000000
27053  -7.138  24.940  25.476 0.0000000000
27054  -5.961  24.427  24.916 0.0000000000
27055  -5.122  23.692  23.976 0.0000000000
27056  -5.687  23.237  25.481 0.0000000000
27057  -5.499  21.947  25.960 0.0000000000
27058  -5.246  20.644  26.391 0.0000000000
27059  -5.065  19.157  26.372 0.0000000000
27060  -5.707  20.209  27.507 0.0000000000
27061  -6.301  19.558  28.433 0.0000000000
27062  -6.820  18.769  29.258 0.0000000000
27063  -11.092  16.784  31.577 0.0000000000
27064  -9.739  16.891  31.265 0.0000000000
27065  -10.194  15.862  31.991 0.0000000000
27066  -9.700  14.909  32.353 0.0000000000
27067  -9.255  13.993  32.784 0.0000000000
27068  -8.803  12.957  33.183 0.0000000000
27069  -9.595  13.133  33.522 0.0000000000
27070  -9.974  12.381  34.264 0.0000000000
27071  -10.148  11.687  35.065 0.0000000000
28111  -3.620  7.733  26.875 0.0000000000
28112  -2.141  8.069  26.260 0.0000000000
28113  -2.165  6.520  26.958 0.0000000000
30080  -4.699  11.636  31.568 0.0000000000
30081  -4.348  10.639  30.889 0.0000000000
30082  -4.606  10.075  31.999 0.0000000000
30083  -4.566  8.524  32.350 0.0000000000
30085  -4.930  7.411  34.412 0.0000000000
30764  -1.890  29.315  11.068 0.0000000000
30765  -3.694  30.031  11.103 0.0000000000
30766  -4.666  29.689  12.079 0.0000000000
30767  -5.338  29.331  13.004 0.0000000000
30769  -6.170  30.416  13.400 0.0000000000
30770  -5.936  29.038  14.022 0.0000000000
30771  -6.173  28.757  15.128 0.0000000000
30772  -6.096  28.510  16.334 0.0000000000
30773  -5.797  28.258  17.560 0.0000000000
30802  -12.114  24.923  25.591 0.0000000000
30803  -11.441  23.711  26.309 0.0000000000
30804  -10.700  22.673  27.052 0.0000000000
30805  -9.837  21.718  27.973 0.0000000000
30806  -8.937  20.910  28.649 0.0000000000
30807  -10.407  20.784  28.781 0.0000000000
30808  -10.989  19.759  29.578 0.0000000000
30809  -11.522  18.751  30.346 0.0000000000
30811  -12.683  18.861  30.802 0.0000000000
30812  -11.940  17.739  31.146 0.0000000000
30813  -12.240  16.779  32.007 0.0000000000
30814  -12.421  15.961  32.970 0.0000000000
32558  -8.911  4.998  36.827 0.0000000000
35594  -5.358  14.994  23.877 0.0000000000
35595  -4.266  13.802  23.871 0.0000000000
35596  -5.162  13.484  24.594 0.0000000000
35597  -4.983  11.981  25.338 0.0000000000
35598  -4.777  10.462  26.064 0.0000000000
35599  -6.080  11.227  26.914 0.0000000000
35600  -5.570  10.060  26.757 0.0000000000
35601  -4.703  8.892  26.781 0.0000000000
35602  -4.689  7.373  27.477 0.0000000000
35603  -4.702  5.812  28.097 0.0000000000
35604  -4.865  4.206  28.691 0.0000000000
35605  -4.446  9.527  30.261 0.0000000000
35606  -5.016  8.496  29.929 0.0000000000
35607  -5.793  7.435  29.758 0.0000000000
35610  -6.170  6.261  29.567 0.0000000000
35611  -6.118  5.121  29.415 0.0000000000
37380  -2.588  25.971  14.487 0.0000000000
37389  -3.062  21.022  18.654 0.0000000000
37390  -2.524  19.568  19.420 0.0000000000
37391  -2.052  18.137  20.327 0.0000000000
37392  -3.011  17.611  20.950 0.0000000000
37393  -3.953  17.210  21.589 0.0000000000
37394  -4.889  16.849  22.372 0.0000000000
37452  -8.083  33.035  18.469 0.0000000000
37453  -6.629  33.023  18.255 0.0000000000
37454  -5.647  32.360  17.484 0.0000000000
37455  -5.230  30.895  17.943 0.0000000000
37456  -5.137  29.313  18.415 0.0000000000
37457  -5.305  27.812  18.812 0.0000000000
37458  -11.885  29.087  22.303 0.0000000000
37459  -10.293  28.985  22.026 0.0000000000
37460  -8.420  29.080  22.154 0.0000000000
37461  -8.598  27.000  23.826 0.0000000000
37462  -7.620  28.072  23.038 0.0000000000
37463  -6.662  29.068  22.112 0.0000000000
37464  -5.634  28.461  21.267 0.0000000000
37465  -5.079  27.410  20.223 0.0000000000
37466  -5.671  26.422  19.354 0.0000000000
37467  -6.044  24.962  19.880 0.0000000000
37468  -6.400  23.531  20.419 0.0000000000
37469  -6.564  22.067  20.952 0.0000000000
37470  -5.249  22.608  22.945 0.0000000000
37471  -6.285  21.697  22.224 0.0000000000
37472  -6.468  20.630  21.496 0.0000000000
37473  -6.239  19.170  22.041 0.0000000000
37474  -5.955  17.801  22.637 0.0000000000
37475  -5.714  16.364  23.374 0.0000000000
37476  -6.112  15.996  24.244 0.0000000000
37477  -6.164  15.750  25.197 0.0000000000
37478  -5.753  15.310  26.151 0.0000000000
37479  -4.965  17.716  26.414 0.0000000000
37480  -4.861  16.310  26.664 0.0000000000
37481  -5.003  14.951  27.017 0.0000000000
37482  -4.508  14.565  28.025 0.0000000000
37483  -4.402  14.098  29.153 0.0000000000
37484  -4.626  13.632  30.314 0.0000000000
37485  -8.247  19.953  29.203 0.0000000000
37486  -7.819  18.927  29.634 0.0000000000
37487  -7.344  17.893  29.959 0.0000000000
37488  -8.821  16.929  30.925 0.0000000000
37489  -7.884  16.899  30.664 0.0000000000
37490  -6.817  16.707  30.313 0.0000000000
37491  -6.251  15.482  30.681 0.0000000000
37492  -5.618  14.237  31.135 0.0000000000
37493  -5.061  13.003  31.382 0.0000000000
37494  -5.551  12.280  32.348 0.0000000000
37495  -6.033  11.498  33.272 0.0000000000
37496  -6.529  10.642  33.982 0.0000000000
37497  -8.282  11.855  33.600 0.0000000000
37498  -7.644  10.831  34.049 0.0000000000
37499  -6.929  9.758  34.571 0.0000000000
37500  -7.530  8.875  35.108 0.0000000000
37501  -8.169  7.933  35.603 0.0000000000
37502  -8.814  7.067  36.063 0.0000000000
37520  -11.853  13.479  35.301 0.0000000000
37521  -11.183  12.734  35.577 0.0000000000
37522  -10.582  11.871  35.786 0.0000000000
37523  -10.319  10.906  35.952 0.0000000000
37525  -10.517  10.174  36.825 0.0000000000
37526  -10.289  9.784  36.063 0.0000000000
37527  -10.204  8.611  36.172 0.0000000000
37528  -9.989  7.420  36.315 0.0000000000
37529  -9.504  6.161  36.521 0.0000000000
37530  -10.099  5.249  36.965 0.0000000000
37531  -10.440  4.321  37.615 0.0000000000
39586  -2.676  12.708  23.876 0.0000000000
39595  -1.083  1.846  28.219 0.0000000000
41114  -4.042  15.577  22.746 0.0000000000
41115  -3.252  15.006  22.714 0.0000000000
41116  -3.766  14.788  23.039 0.0000000000
41264  -7.872  6.406  36.200 0.0000000000
41265  -7.304  6.194  36.255 0.0000000000
41266  -7.701  5.730  36.474 0.0000000000
42674  -4.268  12.383  29.921 0.0000000000
42675  -4.353  11.860  29.572 0.0000000000
42676  -4.279  11.636  30.091 0.0000000000
43165  -6.241  26.940  17.398 0.0000000000
43166  -6.227  26.400  17.101 0.0000000000
43167  -6.267  26.249  17.665 0.0000000000
43168  -6.265  25.514  17.955 0.0000000000
43169  -6.305  26.062  18.255 0.0000000000
43188  -8.638  22.321  27.468 0.0000000000
43189  -8.263  22.841  27.084 0.0000000000
43190  -7.895  22.334  27.419 0.0000000000
43191  -7.363  22.306  27.311 0.0000000000
43192  -7.677  21.766  27.767 0.0000000000
43193  -7.465  21.273  28.039 0.0000000000
43194  -7.991  21.337  28.146 0.0000000000
43195  -11.733  14.603  33.783 0.0000000000
43196  -11.263  14.585  33.491 0.0000000000
43197  -11.366  14.213  33.943 0.0000000000
43198  -11.006  13.798  34.100 0.0000000000
43199  -11.476  13.853  34.403 0.0000000000
43777  -3.849  3.777  28.430 0.0000000000
43778  -3.065  3.952  28.121 0.0000000000
43779  -3.203  3.119  28.399 0.0000000000
45074  -5.727  9.921  34.024 0.0000000000
45075  -5.361  9.535  33.853 0.0000000000
45076  -5.514  9.229  34.273 0.0000000000
45566  -5.681  32.251  15.029 0.0000000000
45567  -5.567  32.102  15.631 0.0000000000
45568  -5.591  31.336  15.853 0.0000000000
45569  -5.411  31.913  16.233 0.0000000000
49304  -6.056  14.065  26.095 0.0000000000
49305  -6.099  13.463  25.937 0.0000000000
49306  -6.070  13.277  26.409 0.0000000000
49307  -6.122  8.573  28.707 0.0000000000
49308  -6.140  8.750  28.267 0.0000000000
49309  -6.152  7.993  28.566 0.0000000000
49310  -6.044  7.392  28.485 0.0000000000
49311  -6.167  7.220  28.858 0.0000000000
50775  -4.301  28.325  13.257 0.0000000000
50776  -3.462  27.901  13.221 0.0000000000
50777  -3.953  27.679  13.657 0.0000000000
50778  -2.869  23.601  16.630 0.0000000000
50779  -2.418  23.838  16.233 0.0000000000
50780  -2.204  23.142  16.724 0.0000000000
50781  -1.541  22.688  16.861 0.0000000000
50782  -1.996  22.459  17.188 0.0000000000
50783  -1.772  21.782  17.613 0.0000000000
50784  -2.454  22.235  17.527 0.0000000000
50785  -5.648  21.282  19.908 0.0000000000
50786  -5.074  20.801  19.819 0.0000000000
50787  -5.452  20.572  20.244 0.0000000000
50788  -5.250  19.869  20.578 0.0000000000
50789  -5.809  20.330  20.673 0.0000000000
50838  -7.757  30.634  20.852 0.0000000000
50839  -7.280  31.208  20.369 0.0000000000
50840  -6.891  30.719  20.873 0.0000000000
50841  -6.203  30.555  20.601 0.0000000000
50842  -6.599  30.209  21.238 0.0000000000
50843  -11.700  26.534  24.233 0.0000000000
50844  -11.306  27.024  23.746 0.0000000000
50845  -10.922  26.449  24.117 0.0000000000
50846  -5.895  25.489  23.987 0.0000000000
50847  -6.103  26.195  23.716 0.0000000000
50848  -5.633  25.805  23.296 0.0000000000
50849  -5.364  26.023  22.652 0.0000000000
50850  -5.204  25.306  22.852 0.0000000000
50851  -5.024  24.850  22.277 0.0000000000
50852  -5.061  24.597  23.030 0.0000000000
50853  -5.118  20.124  25.014 0.0000000000
50854  -5.305  20.276  24.297 0.0000000000
50855  -5.478  19.535  24.539 0.0000000000
50856  -5.978  19.114  24.192 0.0000000000
50857  -5.540  18.878  24.767 0.0000000000
50858  -5.698  18.217  24.903 0.0000000000
50859  -5.273  18.717  25.270 0.0000000000
50860  -5.996  17.911  29.153 0.0000000000
50861  -5.484  17.592  28.757 0.0000000000
50862  -5.757  17.270  29.230 0.0000000000
50863  -5.470  16.580  29.311 0.0000000000
50864  -6.011  16.879  29.656 0.0000000000
50865  -10.360  18.345  30.436 0.0000000000
50866  -9.620  18.397  30.353 0.0000000000
50867  -9.914  17.881  30.693 0.0000000000
50868  -8.612  14.490  32.257 0.0000000000
50869  -8.392  14.977  31.903 0.0000000000
50870  -8.107  14.431  32.125 0.0000000000
50871  -7.538  14.339  32.033 0.0000000000
50872  -7.811  13.875  32.348 0.0000000000
50873  -7.513  13.306  32.589 0.0000000000
50874  -8.079  13.382  32.687 0.0000000000
50875  -9.778  10.991  34.967 0.0000000000
50876  -9.450  10.785  34.768 0.0000000000
50877  -9.638  10.381  35.116 0.0000000000
50878  -9.455  9.794  35.230 0.0000000000
50879  -9.844  10.001  35.432 0.0000000000
52612  -3.700  10.079  25.756 0.0000000000
52613  -2.985  10.237  25.420 0.0000000000
52614  -2.923  9.453  25.805 0.0000000000
54224  -2.043  16.378  21.469 0.0000000000
54225  -1.296  15.902  21.614 0.0000000000
54226  -1.744  15.649  21.844 0.0000000000
54227  -1.631  13.946  22.860 0.0000000000
54674  -6.607  8.341  35.298 0.0000000000
54675  -6.059  8.144  35.336 0.0000000000
54676  -6.343  7.697  35.588 0.0000000000
54677  -6.130  5.783  36.391 0.0000000000
54678  -5.816  6.296  36.140 0.0000000000
58904  -4.929  13.352  27.879 0.0000000000
58905  -5.388  12.833  27.721 0.0000000000
58906  -5.028  12.565  28.155 0.0000000000
58907  -4.899  10.797  29.130 0.0000000000
58908  -5.208  11.024  28.743 0.0000000000
58909  -5.297  10.256  28.998 0.0000000000
58910  -5.664  9.778  28.902 0.0000000000
58911  -5.339  9.499  29.280 0.0000000000
60375  -5.846  27.460  15.157 0.0000000000
60376  -5.269  27.005  15.015 0.0000000000
60377  -5.649  26.800  15.490 0.0000000000
60378  -5.494  25.311  16.741 0.0000000000
60379  -5.109  25.502  16.214 0.0000000000
60380  -4.910  24.876  16.622 0.0000000000
60381  -4.238  24.448  16.613 0.0000000000
60382  -4.697  24.227  17.035 0.0000000000
60383  -4.486  23.569  17.450 0.0000000000
60384  -5.097  24.001  17.498 0.0000000000
60385  -6.168  24.118  18.549 0.0000000000
60386  -5.824  23.586  18.413 0.0000000000
60387  -6.096  23.415  18.892 0.0000000000
60388  -6.001  22.717  19.222 0.0000000000
60389  -6.366  23.242  19.368 0.0000000000
60435  -11.587  32.371  19.217 0.0000000000
60436  -10.920  32.274  18.996 0.0000000000
60437  -11.374  31.882  19.560 0.0000000000
60438  -11.320  30.506  20.880 0.0000000000
60439  -10.890  30.912  20.339 0.0000000000
60440  -10.524  30.424  20.723 0.0000000000
60441  -9.670  30.420  20.693 0.0000000000
60442  -10.154  29.946  21.148 0.0000000000
60443  -10.209  24.285  25.753 0.0000000000
60444  -9.697  24.840  25.339 0.0000000000
60445  -9.328  24.317  25.798 0.0000000000
60446  -7.347  23.854  26.299 0.0000000000
60447  -7.586  24.419  25.936 0.0000000000
60448  -6.898  24.347  25.816 0.0000000000
60449  -6.507  24.782  25.278 0.0000000000
60450  -6.327  24.155  25.588 0.0000000000
60451  -5.804  23.845  25.227 0.0000000000
60452  -6.168  23.558  25.899 0.0000000000
60453  -6.275  21.959  26.985 0.0000000000
60454  -5.959  22.323  26.388 0.0000000000
60455  -5.811  21.674  26.668 0.0000000000
60456  -5.340  21.264  26.184 0.0000000000
60457  -5.627  21.065  26.916 0.0000000000
60458  -5.429  20.469  26.991 0.0000000000
60459  -5.877  20.812  27.440 0.0000000000
60460  -7.064  20.246  28.478 0.0000000000
60461  -6.556  20.108  28.274 0.0000000000
60462  -6.842  19.740  28.677 0.0000000000
60463  -6.553  19.199  28.883 0.0000000000
60464  -7.063  19.313  29.067 0.0000000000
60465  -11.273  16.273  32.000 0.0000000000
60466  -10.631  16.350  31.827 0.0000000000
60467  -10.840  15.817  32.218 0.0000000000
60468  -10.282  14.548  32.988 0.0000000000
60469  -10.085  14.938  32.580 0.0000000000
60470  -9.871  14.500  32.745 0.0000000000
60471  -9.516  14.461  32.566 0.0000000000
60472  -9.653  14.034  32.944 0.0000000000
60473  -9.424  13.548  33.155 0.0000000000
60474  -9.814  13.622  33.324 0.0000000000
60475  -10.439  12.924  34.394 0.0000000000
60476  -10.138  12.835  34.126 0.0000000000
60477  -10.267  12.455  34.499 0.0000000000
60478  -10.076  12.041  34.636 0.0000000000
60479  -10.312  12.129  34.949 0.0000000000
62212  -3.613  6.923  27.231 0.0000000000
62213  -2.879  7.124  26.899 0.0000000000
62214  -2.899  6.342  27.229 0.0000000000
62215  -1.546  4.197  27.695 0.0000000000
62216  -1.491  5.057  27.400 0.0000000000
66104  -4.919  11.319  32.111 0.0000000000
66105  -4.654  10.852  31.817 0.0000000000
66106  -4.826  10.538  32.333 0.0000000000
66107  -4.914  8.668  33.217 0.0000000000
66108  -4.761  9.021  32.693 0.0000000000
66109  -4.698  8.189  32.878 0.0000000000
66110  -4.537  7.674  32.540 0.0000000000
66112  -5.237  7.526  35.129 0.0000000000
66113  -5.136  7.868  34.712 0.0000000000
66114  -4.968  7.113  34.884 0.0000000000
67568  -3.230  30.214  10.607 0.0000000000
67571  -4.993  30.266  11.660 0.0000000000
67572  -5.320  30.117  12.164 0.0000000000
67573  -4.988  29.511  12.536 0.0000000000
67574  -5.617  29.954  12.642 0.0000000000
67578  -6.155  30.979  14.316 0.0000000000
67579  -6.258  31.089  13.757 0.0000000000
67580  -6.282  30.337  13.979 0.0000000000
67581  -6.085  29.737  13.683 0.0000000000
67582  -6.266  29.600  14.258 0.0000000000
67583  -6.209  28.868  14.561 0.0000000000
67584  -6.234  29.485  14.851 0.0000000000
67585  -5.713  29.820  16.399 0.0000000000
67586  -6.008  29.248  16.082 0.0000000000
67587  -5.846  29.075  16.666 0.0000000000
67588  -5.964  28.381  16.918 0.0000000000
67589  -5.658  28.922  17.247 0.0000000000
67651  -11.753  24.278  25.935 0.0000000000
67652  -12.134  23.828  26.495 0.0000000000
67653  -11.742  22.190  27.717 0.0000000000
67654  -11.430  22.709  27.158 0.0000000000
67655  -11.065  22.143  27.577 0.0000000000
67656  -10.325  22.138  27.497 0.0000000000
67657  -10.625  21.643  28.021 0.0000000000
67658  -10.126  21.258  28.382 0.0000000000
67659  -10.883  21.189  28.458 0.0000000000
67660  -12.075  20.232  29.479 0.0000000000
67661  -11.417  20.223  29.317 0.0000000000
67662  -11.647  19.683  29.720 0.0000000000
67663  -11.274  19.247  29.948 0.0000000000
67664  -11.898  19.260  30.126 0.0000000000
67670  -12.846  18.401  31.303 0.0000000000
67671  -12.362  18.267  30.965 0.0000000000
67672  -12.499  17.807  31.422 0.0000000000
67673  -12.099  17.245  31.575 0.0000000000
67674  -12.631  17.340  31.863 0.0000000000
71504  -9.185  4.518  37.017 0.0000000000
78794  -5.712  14.794  24.295 0.0000000000
78795  -5.265  14.237  24.245 0.0000000000
78796  -5.630  14.052  24.627 0.0000000000
78797  -5.763  12.377  25.728 0.0000000000
78798  -5.480  12.567  25.330 0.0000000000
78799  -5.375  11.818  25.702 0.0000000000
78800  -4.871  11.231  25.704 0.0000000000
78801  -5.282  11.046  26.048 0.0000000000
78802  -5.987  11.638  27.494 0.0000000000
78803  -6.109  11.815  27.049 0.0000000000
78804  -6.124  11.047  27.344 0.0000000000
78805  -5.887  9.147  27.434 0.0000000000
78806  -5.906  9.882  27.119 0.0000000000
78807  -5.535  9.290  27.094 0.0000000000
78808  -5.170  9.460  26.763 0.0000000000
78809  -5.129  8.698  27.091 0.0000000000
78810  -4.686  8.142  27.128 0.0000000000
78811  -5.169  7.967  27.446 0.0000000000
78812  -5.562  6.237  28.415 0.0000000000
78813  -5.167  6.444  28.077 0.0000000000
78814  -5.221  5.650  28.412 0.0000000000
78815  -4.772  5.000  28.403 0.0000000000
78816  -5.244  4.836  28.698 0.0000000000
78817  -4.347  9.825  31.098 0.0000000000
78818  -4.293  10.068  30.527 0.0000000000
78819  -4.309  9.262  30.728 0.0000000000
78820  -4.701  7.510  30.544 0.0000000000
78821  -4.711  8.255  30.280 0.0000000000
78822  -5.048  7.771  30.181 0.0000000000
78823  -5.407  7.998  29.817 0.0000000000
78824  -5.424  7.240  30.110 0.0000000000
78831  -6.015  6.068  29.981 0.0000000000
78832  -6.191  5.482  29.880 0.0000000000
78833  -6.204  5.707  29.480 0.0000000000
83205  -2.414  29.081  11.513 0.0000000000
83207  -2.037  28.487  11.949 0.0000000000
83208  -1.880  27.040  13.273 0.0000000000
83209  -1.372  27.226  12.886 0.0000000000
83210  -1.145  26.617  13.366 0.0000000000
83213  -3.875  26.158  14.908 0.0000000000
83214  -3.358  26.370  14.494 0.0000000000
83215  -3.077  25.746  14.904 0.0000000000
83216  -1.496  24.319  15.434 0.0000000000
83217  -1.666  24.929  14.980 0.0000000000
83230  -1.254  20.364  18.472 0.0000000000
83235  -4.004  22.252  18.254 0.0000000000
83236  -3.314  21.756  18.271 0.0000000000
83237  -3.779  21.544  18.653 0.0000000000
83238  -3.754  19.826  19.765 0.0000000000
83239  -3.282  20.060  19.377 0.0000000000
83240  -2.999  19.328  19.747 0.0000000000
83241  -2.263  18.862  19.863 0.0000000000
83242  -2.728  18.594  20.160 0.0000000000
83243  -2.524  17.837  20.631 0.0000000000
83244  -3.243  18.333  20.538 0.0000000000
83245  -4.824  18.430  21.244 0.0000000000
83246  -4.175  17.910  21.221 0.0000000000
83247  -4.607  17.723  21.592 0.0000000000
83248  -4.409  17.028  21.973 0.0000000000
83249  -5.026  17.539  21.985 0.0000000000
83393  -9.435  32.384  18.898 0.0000000000
83394  -8.913  32.889  18.467 0.0000000000
83395  -8.656  32.520  18.881 0.0000000000
83396  -6.582  32.106  19.213 0.0000000000
83397  -6.948  32.599  18.815 0.0000000000
83398  -6.302  32.473  18.587 0.0000000000
83399  -6.040  32.755  17.928 0.0000000000
83400  -5.786  32.124  18.183 0.0000000000
83401  -5.422  31.640  17.691 0.0000000000
83402  -5.521  31.451  18.444 0.0000000000
83403  -5.304  29.653  19.700 0.0000000000
83404  -5.150  29.882  18.962 0.0000000000
83405  -5.102  29.109  19.145 0.0000000000
83406  -5.193  28.574  18.626 0.0000000000
83407  -5.091  28.357  19.292 0.0000000000
83410  -12.272  28.756  22.859 0.0000000000
83411  -10.438  27.961  22.876 0.0000000000
83412  -10.799  28.480  22.498 0.0000000000
83413  -9.921  28.485  22.459 0.0000000000
83414  -9.363  29.011  22.047 0.0000000000
83415  -8.983  28.542  22.517 0.0000000000
83416  -8.670  25.983  24.657 0.0000000000
83417  -9.107  26.473  24.199 0.0000000000
83418  -8.152  26.525  24.276 0.0000000000
83419  -6.535  27.430  23.233 0.0000000000
83420  -7.232  27.571  23.422 0.0000000000
83421  -6.810  28.028  22.932 0.0000000000
83422  -7.119  28.591  22.593 0.0000000000
83423  -6.388  28.490  22.410 0.0000000000
83424  -6.047  28.870  21.809 0.0000000000
83425  -5.850  28.218  22.051 0.0000000000
83426  -5.071  26.501  21.211 0.0000000000
83427  -5.180  27.260  21.014 0.0000000000
83428  -5.072  26.705  20.468 0.0000000000
83429  -5.194  26.949  19.791 0.0000000000
83430  -5.351  26.196  20.022 0.0000000000
83431  -5.863  25.705  19.616 0.0000000000
83432  -5.558  25.452  20.280 0.0000000000
83433  -5.718  23.785  21.405 0.0000000000
83434  -6.032  24.012  20.816 0.0000000000
83435  -6.254  23.313  21.044 0.0000000000
83436  -6.507  22.793  20.683 0.0000000000
83437  -6.428  22.597  21.324 0.0000000000
83438  -5.036  23.009  24.200 0.0000000000
83439  -4.927  23.144  23.433 0.0000000000
83440  -4.957  22.451  23.615 0.0000000000
83441  -6.058  20.759  23.073 0.0000000000
83442  -5.922  21.442  22.811 0.0000000000
83443  -6.402  20.965  22.478 0.0000000000
83444  -6.578  21.199  21.843 0.0000000000
83445  -6.569  20.461  22.089 0.0000000000
83446  -6.376  19.900  21.764 0.0000000000
83447  -6.514  19.700  22.334 0.0000000000
83448  -6.448  18.117  23.493 0.0000000000
83449  -6.336  18.316  22.876 0.0000000000
83450  -6.238  17.640  23.186 0.0000000000
83451  -5.856  17.103  23.014 0.0000000000
83452  -6.113  16.897  23.528 0.0000000000
83453  -5.937  16.140  23.790 0.0000000000
83454  -6.215  16.688  23.998 0.0000000000
83455  -5.847  16.897  25.244 0.0000000000
83456  -6.176  16.444  24.981 0.0000000000
83457  -5.930  16.231  25.451 0.0000000000
83458  -5.989  15.540  25.668 0.0000000000
83459  -5.649  15.992  25.919 0.0000000000
83460  -5.210  19.022  26.985 0.0000000000
83461  -5.049  18.434  26.361 0.0000000000
83462  -5.084  18.272  26.988 0.0000000000
83463  -4.770  16.692  27.703 0.0000000000
83464  -4.754  16.840  27.067 0.0000000000
83465  -4.644  16.155  27.184 0.0000000000
83466  -4.909  15.621  26.833 0.0000000000
83467  -4.605  15.458  27.350 0.0000000000
83468  -4.661  14.749  27.521 0.0000000000
83469  -4.542  15.273  27.873 0.0000000000
83470  -4.897  15.173  29.522 0.0000000000
83471  -4.544  14.786  29.052 0.0000000000
83472  -4.681  14.534  29.643 0.0000000000
83473  -4.477  13.845  29.746 0.0000000000
83474  -4.874  14.288  30.245 0.0000000000
83475  -9.219  20.443  29.053 0.0000000000
83476  -8.560  20.466  28.931 0.0000000000
83477  -8.815  19.989  29.325 0.0000000000
83478  -8.531  18.488  30.072 0.0000000000
83479  -8.304  18.923  29.778 0.0000000000
83480  -8.064  18.465  29.955 0.0000000000
83481  -7.600  18.445  29.837 0.0000000000
83482  -7.848  17.949  30.132 0.0000000000
83483  -9.466  16.376  31.408 0.0000000000
83484  -9.267  16.880  31.080 0.0000000000
83485  -9.052  16.418  31.252 0.0000000000
83486  -7.876  15.889  31.223 0.0000000000
83487  -8.136  16.424  31.019 0.0000000000
83488  -7.617  16.345  30.859 0.0000000000
83489  -7.357  16.844  30.502 0.0000000000
83490  -7.080  16.242  30.682 0.0000000000
83491  -6.534  16.070  30.488 0.0000000000
83492  -6.789  15.650  30.883 0.0000000000
83493  -6.442  14.077  31.779 0.0000000000
83494  -6.166  14.486  31.365 0.0000000000
83495  -5.877  13.880  31.572 0.0000000000
83496  -5.325  13.601  31.274 0.0000000000
83497  -5.590  13.261  31.739 0.0000000000
83498  -5.296  12.656  31.856 0.0000000000
83499  -5.827  12.889  32.165 0.0000000000
83500  -6.915  12.213  33.131 0.0000000000
83501  -6.343  12.080  33.021 0.0000000000
83502  -6.587  11.641  33.434 0.0000000000
83503  -6.297  11.079  33.684 0.0000000000
83504  -6.834  11.208  33.745 0.0000000000
83505  -9.032  12.484  33.539 0.0000000000
83506  -8.578  12.416  33.370 0.0000000000
83507  -8.836  11.937  33.726 0.0000000000
83508  -8.451  10.491  34.439 0.0000000000
83509  -8.196  10.907  34.123 0.0000000000
83510  -7.870  10.380  34.364 0.0000000000
83511  -7.312  10.262  34.309 0.0000000000
83512  -7.539  9.844  34.610 0.0000000000
83513  -7.187  9.322  34.854 0.0000000000
83514  -7.824  9.399  34.891 0.0000000000
83515  -9.049  8.634  35.474 0.0000000000
83516  -8.456  8.502  35.393 0.0000000000
83517  -8.744  8.082  35.645 0.0000000000
83518  -8.474  7.513  35.817 0.0000000000
83519  -9.089  7.644  35.900 0.0000000000
83566  -11.517  13.107  35.413 0.0000000000
83571  -10.420  11.421  35.883 0.0000000000
83572  -10.471  11.037  36.327 0.0000000000
83578  -10.559  9.633  36.844 0.0000000000
83579  -10.462  9.974  36.403 0.0000000000
83580  -10.475  9.378  36.458 0.0000000000
83581  -10.248  9.205  36.122 0.0000000000
83582  -10.480  8.808  36.491 0.0000000000
83583  -10.652  7.130  36.935 0.0000000000
83584  -10.414  7.570  36.583 0.0000000000
83585  -10.282  6.949  36.651 0.0000000000
83586  -9.795  6.807  36.446 0.0000000000
83587  -10.101  6.324  36.685 0.0000000000
83588  -9.834  5.710  36.735 0.0000000000
83589  -10.406  5.867  36.881 0.0000000000
83591  -10.677  4.959  37.585 0.0000000000
88717  -4.147  13.046  24.272 0.0000000000
88718  -3.475  13.255  23.840 0.0000000000
88719  -3.369  12.450  24.276 0.0000000000
88720  -1.628  10.653  24.812 0.0000000000
88721  -1.746  11.460  24.410 0.0000000000
88725  -1.385  7.466  26.385 0.0000000000
88726  -1.432  8.287  25.995 0.0000000000
88741  -1.868  1.702  28.384 0.0000000000
92438  -3.003  15.931  22.085 0.0000000000
92439  -2.217  15.411  22.132 0.0000000000
92440  -2.714  15.196  22.417 0.0000000000
92441  -2.420  14.434  22.755 0.0000000000
92442  -2.140  13.713  23.108 0.0000000000
92708  -7.195  7.359  35.777 0.0000000000
92709  -6.650  7.191  35.828 0.0000000000
92710  -6.962  6.693  36.051 0.0000000000
92711  -6.710  6.028  36.339 0.0000000000
95246  -4.414  12.904  28.814 0.0000000000
95247  -4.711  12.320  28.604 0.0000000000
95248  -4.472  12.087  29.066 0.0000000000
95249  -4.547  11.335  29.298 0.0000000000
95250  -4.599  10.558  29.518 0.0000000000
96129  -6.177  27.182  16.237 0.0000000000
96130  -5.896  26.638  16.010 0.0000000000
96131  -6.111  26.492  16.546 0.0000000000
96132  -5.992  25.803  16.895 0.0000000000
96133  -5.804  25.129  17.236 0.0000000000
96134  -5.635  24.460  17.581 0.0000000000
96135  -6.046  24.984  17.716 0.0000000000
96136  -6.225  24.818  18.233 0.0000000000
96137  -6.414  24.636  18.766 0.0000000000
96166  -11.808  31.523  20.168 0.0000000000
96167  -12.208  31.164  20.764 0.0000000000
96168  -11.988  30.648  21.103 0.0000000000
96169  -11.762  30.115  21.414 0.0000000000
96170  -9.473  23.221  26.651 0.0000000000
96171  -8.975  23.779  26.280 0.0000000000
96172  -8.630  23.309  26.708 0.0000000000
96173  -7.787  23.347  26.752 0.0000000000
96174  -7.150  23.287  26.610 0.0000000000
96175  -6.573  23.154  26.413 0.0000000000
96176  -6.942  22.736  26.893 0.0000000000
96177  -6.787  22.163  27.197 0.0000000000
96178  -6.631  21.558  27.516 0.0000000000
96179  -6.412  21.031  27.730 0.0000000000
96180  -6.946  21.160  27.926 0.0000000000
96181  -7.264  20.764  28.278 0.0000000000
96182  -7.540  20.362  28.670 0.0000000000
96183  -11.552  15.414  32.841 0.0000000000
96184  -11.007  15.385  32.610 0.0000000000
96185  -11.158  14.978  33.042 0.0000000000
96186  -10.783  14.599  33.281 0.0000000000
96187  -10.423  14.153  33.366 0.0000000000
96188  -10.178  13.687  33.519 0.0000000000
96189  -10.554  13.747  33.800 0.0000000000
96190  -10.692  13.366  34.255 0.0000000000
96191  -10.799  13.029  34.668 0.0000000000
97231  -3.658  5.357  27.848 0.0000000000
97232  -2.931  5.543  27.541 0.0000000000
97233  -2.974  4.746  27.835 0.0000000000
97234  -2.309  4.077  27.872 0.0000000000
97235  -1.693  3.390  27.946 0.0000000000
99566  -5.300  10.625  33.123 0.0000000000
99567  -4.999  10.216  32.862 0.0000000000
99568  -5.179  9.849  33.375 0.0000000000
99569  -5.123  9.127  33.565 0.0000000000
99570  -5.002  8.411  33.755 0.0000000000
100452  -5.928  31.640  14.679 0.0000000000
100453  -6.055  30.862  14.911 0.0000000000
100454  -6.151  30.102  15.165 0.0000000000
100455  -5.874  30.732  15.482 0.0000000000
100456  -5.659  30.553  16.098 0.0000000000
100457  -5.408  30.364  16.713 0.0000000000
100495  -12.458  23.368  27.081 0.0000000000
100496  -12.718  22.888  27.690 0.0000000000
100497  -12.372  22.250  27.955 0.0000000000
100498  -12.010  21.627  28.310 0.0000000000
100499  -11.597  21.155  28.598 0.0000000000
100500  -12.235  21.219  28.775 0.0000000000
100501  -12.453  20.795  29.251 0.0000000000
100502  -12.663  20.349  29.738 0.0000000000
107180  -6.116  14.366  25.185 0.0000000000
107181  -5.871  13.851  25.047 0.0000000000
107182  -6.069  13.627  25.478 0.0000000000
107183  -6.049  12.918  25.784 0.0000000000
107184  -6.038  12.205  26.146 0.0000000000
107185  -6.086  10.117  28.068 0.0000000000
107186  -6.119  10.280  27.619 0.0000000000
107187  -6.138  9.498  27.956 0.0000000000
107188  -6.045  8.926  27.856 0.0000000000
107189  -5.880  8.377  27.770 0.0000000000
107190  -5.555  7.798  27.771 0.0000000000
107191  -5.867  7.582  28.104 0.0000000000
107192  -5.862  6.793  28.428 0.0000000000
107193  -5.886  6.026  28.750 0.0000000000
107194  -4.358  8.229  31.475 0.0000000000
107195  -4.316  8.480  30.921 0.0000000000
107196  -4.358  7.712  31.144 0.0000000000
107197  -4.506  7.216  30.957 0.0000000000
107198  -4.747  6.688  30.832 0.0000000000
109827  -3.345  28.730  12.388 0.0000000000
109828  -2.456  28.292  12.377 0.0000000000
109829  -2.950  28.113  12.797 0.0000000000
109830  -2.640  27.455  13.225 0.0000000000
109831  -2.361  26.814  13.692 0.0000000000
109832  -3.270  24.907  15.746 0.0000000000
109833  -2.795  25.126  15.325 0.0000000000
109834  -2.595  24.509  15.763 0.0000000000
109835  -1.967  24.084  15.813 0.0000000000
109843  -1.481  21.057  18.032 0.0000000000
109844  -1.887  20.806  18.339 0.0000000000
109845  -4.876  21.726  19.067 0.0000000000
109846  -4.222  21.261  19.044 0.0000000000
109847  -4.651  21.009  19.436 0.0000000000
109848  -4.437  20.307  19.794 0.0000000000
109849  -4.209  19.588  20.151 0.0000000000
109850  -3.948  18.828  20.510 0.0000000000
109851  -4.647  19.364  20.527 0.0000000000
109852  -5.046  19.151  20.916 0.0000000000
109853  -5.443  18.954  21.305 0.0000000000
109940  -8.677  31.475  19.803 0.0000000000
109941  -8.241  32.081  19.339 0.0000000000
109942  -7.748  31.654  19.841 0.0000000000
109943  -6.915  31.724  19.799 0.0000000000
109944  -6.223  31.574  19.583 0.0000000000
109945  -5.694  31.254  19.203 0.0000000000
109946  -5.891  30.953  19.920 0.0000000000
109947  -5.671  30.173  20.202 0.0000000000
109948  -5.531  29.424  20.397 0.0000000000
109949  -12.337  27.742  23.673 0.0000000000
109950  -12.000  28.174  23.148 0.0000000000
109951  -11.683  27.590  23.406 0.0000000000
109952  -10.885  27.479  23.294 0.0000000000
109953  -10.000  27.493  23.292 0.0000000000
109954  -7.029  26.018  24.620 0.0000000000
109955  -7.296  26.556  24.250 0.0000000000
109956  -6.637  26.439  24.076 0.0000000000
109957  -6.318  26.806  23.496 0.0000000000
109958  -5.994  27.161  22.900 0.0000000000
109959  -5.692  27.544  22.281 0.0000000000
109960  -5.550  26.818  22.461 0.0000000000
109961  -5.183  26.287  21.928 0.0000000000
109962  -5.064  25.767  21.387 0.0000000000
109963  -5.244  25.238  20.893 0.0000000000
109964  -5.114  25.042  21.589 0.0000000000
109965  -5.224  24.309  21.805 0.0000000000
109966  -5.383  23.566  22.042 0.0000000000
109967  -5.031  21.601  24.649 0.0000000000
109968  -5.039  21.756  23.835 0.0000000000
109969  -5.153  21.030  24.067 0.0000000000
109970  -5.691  20.544  23.704 0.0000000000
109971  -6.180  20.061  23.340 0.0000000000
109972  -6.499  19.513  22.974 0.0000000000
109973  -6.294  19.331  23.589 0.0000000000
109974  -6.344  18.607  23.847 0.0000000000
109975  -6.282  17.901  24.117 0.0000000000
109976  -6.248  17.234  24.293 0.0000000000
109977  -6.060  17.728  24.609 0.0000000000
109978  -5.789  17.557  25.062 0.0000000000
109979  -5.446  17.383  25.507 0.0000000000
109980  -5.488  18.592  28.141 0.0000000000
109981  -5.181  18.097  27.590 0.0000000000
109982  -5.299  17.856  28.187 0.0000000000
109983  -5.081  17.166  28.272 0.0000000000
109984  -4.863  16.474  28.278 0.0000000000
109985  -4.670  15.772  28.317 0.0000000000
109986  -4.943  16.230  28.872 0.0000000000
109987  -5.175  15.881  29.406 0.0000000000
109988  -5.402  15.553  29.927 0.0000000000
109989  -9.798  19.378  29.754 0.0000000000
109990  -9.111  19.443  29.667 0.0000000000
109991  -9.375  18.926  30.000 0.0000000000
109992  -9.001  18.500  30.195 0.0000000000
109993  -8.789  17.985  30.391 0.0000000000
109994  -9.109  15.428  31.821 0.0000000000
109995  -8.864  15.941  31.455 0.0000000000
109996  -8.647  15.474  31.686 0.0000000000
109997  -8.135  15.444  31.576 0.0000000000
109998  -7.582  15.336  31.435 0.0000000000
109999  -7.017  15.226  31.267 0.0000000000
110000  -7.270  14.779  31.667 0.0000000000
110001  -6.991  14.228  31.921 0.0000000000
110002  -6.699  13.661  32.156 0.0000000000
110003  -6.392  13.084  32.387 0.0000000000
110004  -6.950  13.237  32.480 0.0000000000
110005  -7.215  12.758  32.846 0.0000000000
110006  -7.439  12.275  33.205 0.0000000000
110007  -9.472  11.721  34.221 0.0000000000
110008  -9.059  11.553  34.061 0.0000000000
110009  -9.264  11.192  34.403 0.0000000000
110010  -9.017  10.640  34.569 0.0000000000
110011  -8.736  10.048  34.730 0.0000000000
110012  -8.432  9.488  34.918 0.0000000000
110013  -8.979  9.604  35.053 0.0000000000
110014  -9.266  9.209  35.346 0.0000000000
110015  -9.555  8.854  35.598 0.0000000000
110053  -10.632  8.428  36.906 0.0000000000
110054  -10.816  8.013  37.300 0.0000000000
110055  -10.908  7.408  37.272 0.0000000000
110056  -10.867  6.737  37.261 0.0000000000
110057  -10.739  6.068  37.252 0.0000000000
113134  -3.899  11.562  25.049 0.0000000000
113135  -3.205  11.714  24.678 0.0000000000
113136  -3.092  11.008  25.042 0.0000000000
113137  -2.282  10.429  25.099 0.0000000000
113138  -1.511  9.870  25.213 0.0000000000
115850  -1.235  16.914  20.970 0.0000000000
115855  -1.467  14.924  22.240 0.0000000000
116480  -6.071  9.139  34.773 0.0000000000
116481  -5.657  8.877  34.675 0.0000000000
116482  -5.809  8.517  35.072 0.0000000000
116483  -5.576  7.871  35.325 0.0000000000
116484  -5.368  7.173  35.542 0.0000000000
116485  -6.094  6.982  35.877 0.0000000000
116486  -5.596  6.734  35.843 0.0000000000
116487  -5.164  6.446  35.753 0.0000000000
122402  -5.583  13.729  27.025 0.0000000000
122403  -5.935  13.112  26.887 0.0000000000
122404  -5.664  12.961  27.330 0.0000000000
122405  -5.734  12.210  27.619 0.0000000000
122406  -5.787  11.469  27.904 0.0000000000
122407  -5.123  11.792  28.443 0.0000000000
122408  -5.547  11.253  28.331 0.0000000000
122409  -5.871  10.681  28.204 0.0000000000
122410  -5.901  9.944  28.493 0.0000000000
122411  -5.935  9.186  28.799 0.0000000000
122412  -5.977  8.420  29.082 0.0000000000
124461  -5.148  27.900  14.205 0.0000000000
124462  -4.424  27.463  14.096 0.0000000000
124463  -4.876  27.222  14.553 0.0000000000
124464  -4.618  26.576  14.936 0.0000000000
124465  -4.320  25.945  15.331 0.0000000000
124466  -5.401  26.153  15.836 0.0000000000
124467  -4.702  25.723  15.767 0.0000000000
124468  -3.991  25.312  15.730 0.0000000000
124469  -3.778  24.679  16.185 0.0000000000
124470  -3.560  24.036  16.611 0.0000000000
124471  -3.336  23.380  17.050 0.0000000000
124472  -3.106  22.708  17.478 0.0000000000
124473  -3.804  23.151  17.463 0.0000000000
124474  -4.255  22.905  17.862 0.0000000000
124475  -4.680  22.672  18.282 0.0000000000
124476  -5.475  23.774  17.955 0.0000000000
124477  -5.303  23.094  18.336 0.0000000000
124478  -5.097  22.442  18.697 0.0000000000
124479  -5.499  22.207  19.130 0.0000000000
124480  -5.832  21.999  19.572 0.0000000000
124481  -6.169  21.800  20.013 0.0000000000
124547  -10.438  32.704  18.569 0.0000000000
124548  -10.204  32.283  18.930 0.0000000000
124549  -9.964  31.898  19.330 0.0000000000
124550  -11.187  31.426  19.935 0.0000000000
124551  -10.425  31.381  19.818 0.0000000000
124552  -9.577  31.391  19.785 0.0000000000
124553  -9.126  30.952  20.269 0.0000000000
124554  -8.684  30.526  20.772 0.0000000000
124555  -8.279  30.090  21.280 0.0000000000
124556  -10.967  25.334  24.947 0.0000000000
124557  -10.521  25.870  24.523 0.0000000000
124558  -10.112  25.328  24.934 0.0000000000
124559  -9.199  25.427  24.968 0.0000000000
124560  -8.248  25.492  25.081 0.0000000000
124561  -8.400  24.389  25.896 0.0000000000
124562  -7.903  24.962  25.513 0.0000000000
124563  -7.443  25.500  25.096 0.0000000000
124564  -6.717  25.424  24.984 0.0000000000
124565  -6.175  25.127  24.671 0.0000000000
124566  -5.677  24.778  24.232 0.0000000000
124567  -5.247  24.375  23.750 0.0000000000
124568  -5.495  24.108  24.488 0.0000000000
124569  -5.355  23.480  24.746 0.0000000000
124570  -5.252  22.835  24.979 0.0000000000
124571  -6.056  22.935  26.123 0.0000000000
124572  -5.597  22.603  25.720 0.0000000000
124573  -5.214  22.145  25.215 0.0000000000
124574  -5.152  21.432  25.425 0.0000000000
124575  -5.098  20.729  25.597 0.0000000000
124576  -5.076  20.016  25.755 0.0000000000
124577  -5.063  19.269  25.763 0.0000000000
124578  -5.133  19.925  26.395 0.0000000000
124579  -5.327  19.771  26.983 0.0000000000
124580  -5.537  19.558  27.546 0.0000000000
124581  -6.186  20.494  27.908 0.0000000000
124582  -6.032  19.902  28.001 0.0000000000
124583  -5.728  19.282  28.080 0.0000000000
124584  -5.960  18.970  28.577 0.0000000000
124585  -6.267  18.584  29.053 0.0000000000
124586  -6.541  18.127  29.413 0.0000000000
124587  -10.918  17.313  31.154 0.0000000000
124588  -10.175  17.372  31.037 0.0000000000
124589  -10.421  16.877  31.423 0.0000000000
124590  -9.996  16.382  31.616 0.0000000000
124591  -9.685  15.880  31.771 0.0000000000
124592  -10.417  15.376  32.406 0.0000000000
124593  -9.905  15.381  32.163 0.0000000000
124594  -9.518  15.391  31.969 0.0000000000
124595  -9.311  14.931  32.199 0.0000000000
124596  -9.074  14.471  32.420 0.0000000000
124597  -8.835  14.011  32.615 0.0000000000
124598  -8.620  13.468  32.805 0.0000000000
124599  -9.021  13.484  32.992 0.0000000000
124600  -9.191  13.022  33.365 0.0000000000
124601  -9.411  12.611  33.712 0.0000000000
124602  -9.987  13.217  33.717 0.0000000000
124603  -9.786  12.748  33.915 0.0000000000
124604  -9.644  12.241  34.047 0.0000000000
124605  -9.833  11.911  34.371 0.0000000000
124606  -9.920  11.544  34.794 0.0000000000
124607  -10.039  11.159  35.196 0.0000000000
127033  -3.644  8.527  26.515 0.0000000000
127034  -2.911  8.677  26.187 0.0000000000
127035  -2.889  7.899  26.545 0.0000000000
127036  -2.134  7.284  26.620 0.0000000000
127037  -1.443  6.686  26.728 0.0000000000
127038  -2.187  5.718  27.293 0.0000000000
127039  -1.471  5.886  27.071 0.0000000000
132116  -4.491  11.912  31.034 0.0000000000
132117  -4.343  11.396  30.666 0.0000000000
132118  -4.458  11.153  31.239 0.0000000000
132119  -4.446  10.380  31.452 0.0000000000
132120  -4.429  9.564  31.651 0.0000000000
132121  -4.772  9.761  32.527 0.0000000000
132122  -4.582  9.318  32.167 0.0000000000
132123  -4.436  8.757  31.816 0.0000000000
132124  -4.408  7.975  32.005 0.0000000000
132127  -5.317  8.566  34.514 0.0000000000
132128  -5.088  8.181  34.271 0.0000000000
132129  -4.889  7.677  33.923 0.0000000000
133969  -1.806  30.084  10.148 0.0000000000
133971  -2.303  29.871  10.605 0.0000000000
133972  -2.799  29.658  11.078 0.0000000000
133973  -3.299  29.489  11.528 0.0000000000
133974  -4.525  30.420  11.166 0.0000000000
133975  -4.177  29.868  11.590 0.0000000000
133976  -3.772  29.312  11.991 0.0000000000
133977  -4.235  29.137  12.439 0.0000000000
133978  -4.640  28.925  12.896 0.0000000000
133979  -5.058  28.714  13.353 0.0000000000
133984  -6.199  31.161  13.159 0.0000000000
133985  -6.041  30.509  12.841 0.0000000000
133986  -5.889  29.837  13.149 0.0000000000
133987  -5.688  29.195  13.481 0.0000000000
133988  -5.436  28.541  13.843 0.0000000000
133989  -5.730  28.361  14.350 0.0000000000
133990  -6.025  28.155  14.828 0.0000000000
133991  -6.092  28.030  15.404 0.0000000000
133992  -6.158  29.369  15.452 0.0000000000
133993  -6.161  28.637  15.721 0.0000000000
133994  -6.188  27.890  15.970 0.0000000000
133995  -6.177  27.809  16.549 0.0000000000
133996  -6.108  27.672  17.156 0.0000000000
133997  -6.084  27.475  17.752 0.0000000000
134065  -12.108  26.040  24.751 0.0000000000
134074  -11.765  25.431  25.057 0.0000000000
134075  -11.386  24.844  25.399 0.0000000000
134076  -11.019  24.270  25.793 0.0000000000
134077  -10.693  23.735  26.184 0.0000000000
134078  -11.821  23.240  26.843 0.0000000000
134079  -11.085  23.190  26.673 0.0000000000
134080  -10.296  23.182  26.611 0.0000000000
134081  -9.898  22.693  27.044 0.0000000000
134082  -9.469  22.240  27.483 0.0000000000
134083  -9.040  21.793  27.909 0.0000000000
134084  -8.615  21.412  28.231 0.0000000000
134085  -9.362  21.323  28.328 0.0000000000
134086  -9.646  20.847  28.736 0.0000000000
134087  -9.940  20.356  29.111 0.0000000000
134088  -11.158  20.711  28.899 0.0000000000
134089  -10.707  20.295  29.194 0.0000000000
134090  -10.255  19.824  29.482 0.0000000000
134091  -10.555  19.293  29.834 0.0000000000
134092  -10.830  18.797  30.186 0.0000000000
134093  -11.087  18.290  30.559 0.0000000000
134099  -12.467  19.351  30.353 0.0000000000
134100  -12.138  18.768  30.546 0.0000000000
134101  -11.749  18.254  30.740 0.0000000000
134102  -11.334  17.788  30.933 0.0000000000
134103  -11.519  17.240  31.348 0.0000000000
134104  -11.679  16.718  31.767 0.0000000000
134105  -11.830  16.293  32.194 0.0000000000
134106  -12.696  16.930  32.368 0.0000000000
134107  -12.350  16.375  32.476 0.0000000000
134108  -11.953  15.876  32.657 0.0000000000
134109  -12.052  15.425  33.134 0.0000000000
134110  -12.091  15.043  33.626 0.0000000000
134111  -12.135  14.668  34.125 0.0000000000
138914  -8.617  5.474  36.624 0.0000000000
138915  -8.071  5.224  36.703 0.0000000000
147782  -4.955  15.168  23.486 0.0000000000
147783  -4.358  14.566  23.458 0.0000000000
147784  -4.835  14.406  23.859 0.0000000000
147785  -4.732  13.648  24.241 0.0000000000
147786  -4.621  12.889  24.616 0.0000000000
147787  -5.546  13.321  24.969 0.0000000000
147788  -5.077  12.732  24.963 0.0000000000
147789  -4.514  12.126  25.011 0.0000000000
147790  -4.414  11.421  25.364 0.0000000000
147791  -4.310  10.665  25.728 0.0000000000
147792  -4.240  9.868  26.103 0.0000000000
147793  -6.088  12.551  26.734 0.0000000000
147794  -6.097  12.017  26.608 0.0000000000
147795  -5.990  11.437  26.475 0.0000000000
147796  -6.055  10.462  27.212 0.0000000000
147797  -5.929  10.643  26.783 0.0000000000
147798  -5.614  10.837  26.407 0.0000000000
147799  -5.214  10.257  26.394 0.0000000000
147800  -4.739  9.654  26.431 0.0000000000
147801  -4.210  9.080  26.473 0.0000000000
147802  -4.178  8.342  26.820 0.0000000000
147803  -4.166  7.542  27.181 0.0000000000
147804  -4.167  6.769  27.509 0.0000000000
147805  -5.164  7.216  27.763 0.0000000000
147806  -4.670  6.615  27.782 0.0000000000
147807  -4.180  5.987  27.818 0.0000000000
147808  -4.221  5.176  28.122 0.0000000000
147809  -4.333  4.391  28.426 0.0000000000
147811  -4.283  10.857  30.309 0.0000000000
147812  -4.412  10.321  29.999 0.0000000000
147813  -4.639  9.774  29.783 0.0000000000
147814  -4.474  8.759  30.479 0.0000000000
147815  -4.672  9.011  30.058 0.0000000000
147816  -4.987  9.232  29.685 0.0000000000
147817  -5.361  8.751  29.564 0.0000000000
147818  -5.774  8.255  29.451 0.0000000000
147819  -6.013  7.643  29.345 0.0000000000
147825  -5.416  6.426  30.423 0.0000000000
147826  -5.784  6.652  30.075 0.0000000000
147827  -6.011  6.839  29.662 0.0000000000
147828  -6.156  7.048  29.252 0.0000000000
147829  -6.153  6.462  29.136 0.0000000000
147830  -6.078  5.879  29.097 0.0000000000
147831  -5.954  5.276  29.057 0.0000000000
147834  -5.631  4.662  29.005 0.0000000000
153096  -1.689  27.872  12.410 0.0000000000
153102  -3.628  27.007  14.084 0.0000000000
153103  -2.842  26.576  14.108 0.0000000000
153104  -2.101  26.171  14.100 0.0000000000
153105  -2.333  25.334  14.937 0.0000000000
153106  -1.867  25.539  14.527 0.0000000000
153129  -2.864  21.997  17.893 0.0000000000
153130  -2.607  21.247  18.293 0.0000000000
153131  -2.339  20.544  18.673 0.0000000000
153132  -3.549  20.804  19.020 0.0000000000
153133  -2.804  20.302  19.023 0.0000000000
153134  -2.077  19.824  19.098 0.0000000000
153135  -1.822  19.114  19.555 0.0000000000
153136  -1.591  18.415  20.026 0.0000000000
153137  -1.417  17.696  20.494 0.0000000000
153138  -1.859  17.401  20.787 0.0000000000
153139  -2.279  17.135  21.056 0.0000000000
153140  -2.753  16.910  21.358 0.0000000000
153141  -3.725  18.100  20.876 0.0000000000
153142  -3.471  17.403  21.263 0.0000000000
153143  -3.225  16.683  21.672 0.0000000000
153144  -3.735  16.516  22.004 0.0000000000
153145  -4.227  16.327  22.368 0.0000000000
153146  -4.726  16.121  22.762 0.0000000000
153321  -7.742  32.606  18.892 0.0000000000
153322  -7.328  33.088  18.411 0.0000000000
153325  -5.843  33.032  17.253 0.0000000000
153326  -5.556  32.554  16.771 0.0000000000
153327  -5.399  31.801  16.977 0.0000000000
153328  -5.266  31.030  17.193 0.0000000000
153329  -5.197  30.299  17.416 0.0000000000
153330  -5.268  30.694  18.749 0.0000000000
153331  -5.137  30.105  18.189 0.0000000000
153332  -5.265  29.494  17.677 0.0000000000
153333  -5.374  28.769  17.938 0.0000000000
153334  -5.541  28.027  18.175 0.0000000000
153335  -5.748  27.275  18.403 0.0000000000
153337  -12.189  29.689  21.994 0.0000000000
153338  -11.463  29.567  21.744 0.0000000000
153339  -11.605  28.522  22.671 0.0000000000
153340  -11.138  29.020  22.108 0.0000000000
153341  -10.665  29.498  21.608 0.0000000000
153342  -9.778  29.473  21.600 0.0000000000
153343  -8.840  29.545  21.678 0.0000000000
153344  -7.926  29.621  21.793 0.0000000000
153345  -10.045  26.453  24.093 0.0000000000
153346  -9.554  26.981  23.736 0.0000000000
153347  -9.059  27.541  23.341 0.0000000000
153348  -7.677  27.052  23.863 0.0000000000
153349  -8.114  27.567  23.421 0.0000000000
153350  -8.562  28.073  22.962 0.0000000000
153351  -7.986  28.594  22.608 0.0000000000
153352  -7.465  29.131  22.207 0.0000000000
153353  -7.029  29.641  21.764 0.0000000000
153354  -6.291  29.511  21.560 0.0000000000
153355  -5.779  29.171  21.090 0.0000000000
153356  -5.413  28.680  20.552 0.0000000000
153357  -5.480  27.793  21.555 0.0000000000
153358  -5.297  27.955  20.754 0.0000000000
153359  -5.138  28.117  19.995 0.0000000000
153360  -5.118  27.637  19.487 0.0000000000
153361  -5.477  27.118  19.080 0.0000000000
153362  -5.953  26.599  18.659 0.0000000000
153363  -6.137  25.911  18.939 0.0000000000
153364  -6.255  25.186  19.197 0.0000000000
153365  -6.371  24.477  19.465 0.0000000000
153366  -5.792  24.723  20.558 0.0000000000
153367  -6.261  24.265  20.153 0.0000000000
153368  -6.469  23.778  19.746 0.0000000000
153369  -6.495  23.015  20.042 0.0000000000
153370  -6.494  22.273  20.319 0.0000000000
153371  -6.401  21.544  20.619 0.0000000000
153372  -4.957  23.871  23.215 0.0000000000
153373  -5.117  23.337  22.715 0.0000000000
153374  -5.560  22.837  22.325 0.0000000000
153375  -5.398  21.920  23.171 0.0000000000
153376  -5.760  22.137  22.561 0.0000000000
153377  -6.123  22.390  21.984 0.0000000000
153378  -6.531  21.916  21.586 0.0000000000
153379  -6.536  21.361  21.231 0.0000000000
153380  -6.269  20.811  20.916 0.0000000000
153381  -6.128  20.093  21.205 0.0000000000
153382  -5.990  19.401  21.502 0.0000000000
153383  -5.789  18.681  21.797 0.0000000000
153384  -6.436  18.970  22.610 0.0000000000
153385  -6.087  18.469  22.328 0.0000000000
153386  -5.610  17.980  22.125 0.0000000000
153387  -5.472  17.290  22.492 0.0000000000
153388  -5.351  16.594  22.878 0.0000000000
153389  -5.208  15.883  23.241 0.0000000000
153390  -5.534  15.678  23.629 0.0000000000
153391  -5.848  15.498  24.042 0.0000000000
153392  -6.034  15.320  24.500 0.0000000000
153393  -6.225  16.541  24.480 0.0000000000
153394  -6.194  15.854  24.723 0.0000000000
153395  -6.158  15.115  24.961 0.0000000000
153396  -6.147  15.005  25.424 0.0000000000
153397  -6.028  14.820  25.888 0.0000000000
153398  -5.796  14.629  26.360 0.0000000000
153399  -5.082  18.560  25.778 0.0000000000
153400  -5.079  17.883  25.824 0.0000000000
153401  -5.065  17.229  25.921 0.0000000000
153402  -4.933  17.534  27.011 0.0000000000
153403  -4.895  17.017  26.512 0.0000000000
153404  -5.115  16.484  26.158 0.0000000000
153405  -5.227  15.790  26.363 0.0000000000
153406  -5.352  15.120  26.565 0.0000000000
153407  -5.454  14.456  26.778 0.0000000000
153408  -5.110  14.277  27.224 0.0000000000
153409  -4.784  14.082  27.693 0.0000000000
153410  -4.552  13.863  28.171 0.0000000000
153411  -4.477  15.057  28.413 0.0000000000
153412  -4.361  14.340  28.558 0.0000000000
153413  -4.353  13.629  28.685 0.0000000000
153414  -4.319  13.379  29.264 0.0000000000
153415  -4.328  13.113  29.847 0.0000000000
153416  -4.476  12.901  30.411 0.0000000000
153417  -8.294  20.913  28.505 0.0000000000
153418  -8.018  20.407  28.796 0.0000000000
153419  -7.773  19.899  29.060 0.0000000000
153420  -8.492  19.483  29.564 0.0000000000
153421  -8.029  19.425  29.428 0.0000000000
153422  -7.551  19.382  29.261 0.0000000000
153423  -7.334  18.878  29.456 0.0000000000
153424  -7.084  18.315  29.621 0.0000000000
153425  -6.812  17.706  29.773 0.0000000000
153426  -9.542  17.376  30.902 0.0000000000
153427  -9.042  17.383  30.741 0.0000000000
153428  -8.588  17.464  30.601 0.0000000000
153429  -8.608  16.443  31.131 0.0000000000
153430  -8.368  16.939  30.813 0.0000000000
153431  -8.125  17.439  30.465 0.0000000000
153432  -7.624  17.395  30.302 0.0000000000
153433  -7.087  17.310  30.135 0.0000000000
153434  -6.544  17.093  29.922 0.0000000000
153435  -6.271  16.488  30.096 0.0000000000
153436  -5.990  15.872  30.262 0.0000000000
153437  -5.689  15.241  30.419 0.0000000000
153438  -6.496  15.073  31.114 0.0000000000
153439  -5.932  14.864  30.908 0.0000000000
153440  -5.380  14.592  30.641 0.0000000000
153441  -5.098  13.958  30.767 0.0000000000
153442  -4.841  13.313  30.862 0.0000000000
153443  -4.638  12.637  30.971 0.0000000000
153444  -4.856  12.352  31.478 0.0000000000
153445  -5.089  12.000  31.989 0.0000000000
153446  -5.313  11.653  32.516 0.0000000000
153447  -6.075  12.498  32.606 0.0000000000
153448  -5.785  11.906  32.832 0.0000000000
153449  -5.526  11.284  32.991 0.0000000000
153450  -5.754  10.895  33.446 0.0000000000
153451  -6.015  10.513  33.870 0.0000000000
153452  -6.213  10.101  34.197 0.0000000000
153453  -8.334  12.911  33.015 0.0000000000
153454  -8.023  12.343  33.259 0.0000000000
153455  -7.698  11.793  33.523 0.0000000000
153456  -8.573  11.394  33.931 0.0000000000
153457  -7.964  11.342  33.821 0.0000000000
153458  -7.397  11.295  33.772 0.0000000000
153459  -7.073  10.744  34.028 0.0000000000
153460  -6.734  10.204  34.279 0.0000000000
153461  -6.390  9.683  34.530 0.0000000000
153462  -6.621  9.257  34.808 0.0000000000
153463  -6.929  8.832  35.068 0.0000000000
153464  -7.235  8.379  35.312 0.0000000000
153465  -8.137  8.946  35.132 0.0000000000
153466  -7.861  8.407  35.351 0.0000000000
153467  -7.529  7.886  35.565 0.0000000000
153468  -7.822  7.393  35.811 0.0000000000
153469  -8.172  6.958  36.004 0.0000000000
153470  -8.504  6.524  36.217 0.0000000000
153497  -12.186  14.332  34.659 0.0000000000
153524  -11.874  13.823  34.787 0.0000000000
153525  -11.514  13.469  34.908 0.0000000000
153526  -11.172  13.082  35.049 0.0000000000
153527  -10.843  12.665  35.182 0.0000000000
153529  -10.839  12.309  35.686 0.0000000000
153530  -10.530  12.227  35.307 0.0000000000
153531  -10.370  11.772  35.419 0.0000000000
153532  -10.269  11.264  35.511 0.0000000000
153533  -10.195  10.732  35.597 0.0000000000
153540  -10.422  10.530  36.376 0.0000000000
153541  -10.315  10.351  36.004 0.0000000000
153542  -10.112  10.192  35.699 0.0000000000
153543  -10.036  9.617  35.766 0.0000000000
153544  -9.946  9.032  35.833 0.0000000000
153545  -9.835  8.436  35.907 0.0000000000
153546  -10.462  8.214  36.528 0.0000000000
153547  -10.122  8.013  36.225 0.0000000000
153548  -9.687  7.802  36.023 0.0000000000
153549  -9.435  7.200  36.182 0.0000000000
153550  -9.139  6.593  36.314 0.0000000000
153551  -8.848  6.019  36.439 0.0000000000
153552  -9.211  5.567  36.656 0.0000000000
153553  -9.505  5.087  36.859 0.0000000000
153554  -9.777  4.647  37.101 0.0000000000
153555  -10.548  5.422  37.241 0.0000000000
153556  -10.280  4.779  37.274 0.0000000000
153557  -10.003  4.195  37.394 0.0000000000
159712  -3.603  14.028  23.424 0.0000000000
159713  -2.779  13.489  23.440 0.0000000000
159714  -1.984  12.965  23.524 0.0000000000
159715  -2.545  11.949  24.307 0.0000000000
159716  -1.870  12.234  23.958 0.0000000000
159717  -1.233  12.479  23.712 0.0000000000
159721  -2.162  8.869  25.880 0.0000000000
159722  -1.435  9.094  25.611 0.0000000000
159740  -1.751  2.541  28.169 0.0000000000
159741  -1.028  2.748  28.019 0.0000000000
