#!ascii label  , from subject fsaverage vox2ras=TkReg 
1630
139  -4.532  -75.888  20.953 0.0000000000
300  -15.423  -72.840  16.348 0.0000000000
301  -15.452  -76.689  23.049 0.0000000000
571  -15.631  -67.683  9.887 0.0000000000
573  -4.258  -84.880  12.147 0.0000000000
574  -5.577  -82.716  31.669 0.0000000000
575  -7.269  -86.540  19.356 0.0000000000
576  -5.624  -97.846  9.751 0.0000000000
1260  -20.486  -65.836  12.404 0.0000000000
1262  -9.572  -73.499  18.523 0.0000000000
1263  -9.437  -69.618  14.292 0.0000000000
1264  -4.007  -72.654  16.096 0.0000000000
1265  -4.214  -78.762  12.845 0.0000000000
1266  -5.008  -79.422  17.698 0.0000000000
1268  -11.896  -81.572  31.012 0.0000000000
1272  -10.875  -90.901  15.648 0.0000000000
1273  -5.489  -92.817  15.431 0.0000000000
1694  -15.399  -76.380  19.077 0.0000000000
1695  -9.718  -77.871  21.551 0.0000000000
2350  -15.416  -68.351  14.843 0.0000000000
2357  -9.610  -79.175  26.699 0.0000000000
2358  -4.820  -79.532  25.794 0.0000000000
2360  -5.665  -85.005  26.852 0.0000000000
2361  -3.596  -82.382  22.064 0.0000000000
2362  -4.492  -86.482  17.002 0.0000000000
2363  -3.703  -91.659  10.790 0.0000000000
3182  -6.676  -74.123  19.782 0.0000000000
3183  -6.314  -72.339  17.580 0.0000000000
3184  -4.126  -74.022  18.558 0.0000000000
3185  -3.861  -75.897  16.646 0.0000000000
3186  -3.752  -77.067  19.316 0.0000000000
3193  -10.474  -93.221  11.839 0.0000000000
3784  -15.437  -76.738  20.990 0.0000000000
3785  -12.337  -77.353  19.958 0.0000000000
3786  -12.524  -78.207  22.106 0.0000000000
5222  -18.083  -67.456  11.081 0.0000000000
5223  -18.571  -67.577  8.711 0.0000000000
5227  -18.682  -71.802  16.556 0.0000000000
5228  -18.577  -69.972  15.627 0.0000000000
5229  -15.520  -70.527  15.673 0.0000000000
5230  -6.125  -68.993  12.115 0.0000000000
5231  -9.384  -67.992  11.661 0.0000000000
5237  -4.537  -81.793  12.973 0.0000000000
5239  -5.694  -85.122  11.137 0.0000000000
5241  -4.689  -87.539  9.598 0.0000000000
5245  -8.315  -82.054  31.615 0.0000000000
5246  -10.164  -80.464  28.867 0.0000000000
5247  -6.939  -80.581  29.329 0.0000000000
5248  -6.789  -79.561  26.664 0.0000000000
5249  -4.551  -80.957  28.663 0.0000000000
5255  -7.129  -85.363  23.454 0.0000000000
5256  -4.764  -83.224  24.022 0.0000000000
5257  -5.498  -84.340  21.083 0.0000000000
5258  -4.040  -84.366  19.618 0.0000000000
5259  -5.415  -87.004  18.658 0.0000000000
5260  -5.373  -95.404  12.649 0.0000000000
5261  -3.812  -92.657  14.153 0.0000000000
5262  -4.980  -94.737  10.963 0.0000000000
5263  -5.832  -93.708  8.877 0.0000000000
5264  -6.470  -96.409  8.294 0.0000000000
6878  -20.841  -66.372  14.165 0.0000000000
6879  -18.065  -67.268  13.198 0.0000000000
6880  -12.488  -72.994  17.704 0.0000000000
6881  -12.550  -70.969  16.242 0.0000000000
6882  -9.577  -71.700  16.633 0.0000000000
6883  -6.335  -70.784  15.094 0.0000000000
6884  -3.661  -71.553  13.423 0.0000000000
6886  -3.113  -75.311  14.118 0.0000000000
6887  -4.236  -78.837  15.052 0.0000000000
6888  -4.908  -82.133  15.121 0.0000000000
6898  -8.637  -88.839  17.865 0.0000000000
6899  -6.125  -89.636  17.328 0.0000000000
6900  -8.098  -91.727  14.910 0.0000000000
6901  -7.516  -94.369  12.347 0.0000000000
6902  -7.100  -97.598  10.438 0.0000000000
7794  -15.329  -74.830  17.473 0.0000000000
7795  -12.220  -75.166  18.631 0.0000000000
7796  -9.579  -75.528  19.970 0.0000000000
7797  -7.192  -76.287  21.466 0.0000000000
9605  -18.281  -68.098  14.797 0.0000000000
9606  -15.297  -67.287  12.878 0.0000000000
9607  -12.548  -68.725  14.614 0.0000000000
9608  -12.650  -67.619  12.249 0.0000000000
9624  -15.956  -77.135  25.394 0.0000000000
9625  -14.196  -79.971  28.801 0.0000000000
9626  -12.929  -79.055  26.673 0.0000000000
9627  -12.441  -78.333  24.467 0.0000000000
9628  -9.575  -78.812  24.385 0.0000000000
9629  -7.390  -78.456  24.005 0.0000000000
9630  -5.109  -77.979  22.878 0.0000000000
9636  -4.493  -84.000  29.856 0.0000000000
9637  -4.250  -82.376  26.562 0.0000000000
9638  -4.082  -80.812  23.788 0.0000000000
9639  -3.835  -79.177  21.627 0.0000000000
9640  -3.585  -81.114  19.775 0.0000000000
9641  -4.487  -83.210  17.442 0.0000000000
9642  -4.569  -85.735  14.328 0.0000000000
9643  -4.099  -89.756  16.941 0.0000000000
9644  -3.582  -89.221  14.139 0.0000000000
9645  -3.383  -88.208  11.092 0.0000000000
9646  -4.712  -90.844  8.310 0.0000000000
10862  -5.436  -74.840  20.541 0.0000000000
10863  -5.141  -73.770  19.416 0.0000000000
10864  -4.190  -74.933  19.911 0.0000000000
10865  -3.720  -75.517  19.005 0.0000000000
10866  -3.710  -76.289  20.172 0.0000000000
11464  -15.380  -76.719  22.048 0.0000000000
11465  -13.955  -77.675  21.469 0.0000000000
11466  -13.943  -77.616  22.467 0.0000000000
12902  -16.784  -67.644  10.495 0.0000000000
12903  -17.110  -67.802  9.005 0.0000000000
12904  -16.040  -67.813  8.335 0.0000000000
12907  -17.108  -72.506  16.140 0.0000000000
12908  -17.089  -71.424  15.728 0.0000000000
12909  -15.506  -71.711  15.941 0.0000000000
12911  -6.520  -68.890  10.595 0.0000000000
12917  -4.587  -83.322  12.806 0.0000000000
12918  -5.147  -83.430  12.099 0.0000000000
12919  -4.843  -84.894  11.436 0.0000000000
12920  -5.184  -86.405  10.251 0.0000000000
12921  -4.252  -86.248  10.643 0.0000000000
12925  -6.880  -82.422  31.944 0.0000000000
12926  -7.502  -81.298  30.489 0.0000000000
12927  -6.000  -81.623  30.642 0.0000000000
12928  -5.539  -80.847  29.246 0.0000000000
12929  -4.854  -81.892  30.375 0.0000000000
12933  -7.988  -86.955  20.704 0.0000000000
12934  -7.827  -86.821  22.872 0.0000000000
12935  -7.502  -85.671  21.339 0.0000000000
12936  -6.414  -84.515  21.985 0.0000000000
12937  -6.577  -85.377  20.259 0.0000000000
12938  -5.644  -85.572  19.835 0.0000000000
12939  -6.330  -86.682  18.830 0.0000000000
12940  -5.305  -96.678  11.260 0.0000000000
12941  -4.785  -95.333  12.010 0.0000000000
12942  -4.963  -96.208  10.355 0.0000000000
12943  -5.504  -95.544  9.458 0.0000000000
12944  -5.702  -97.272  8.846 0.0000000000
15304  -21.036  -66.692  15.058 0.0000000000
15305  -19.533  -67.089  13.488 0.0000000000
15306  -19.630  -67.414  14.275 0.0000000000
15307  -11.057  -73.133  18.266 0.0000000000
15308  -11.046  -72.196  17.420 0.0000000000
15309  -9.458  -72.573  17.607 0.0000000000
15310  -5.004  -72.177  16.917 0.0000000000
15311  -6.340  -71.579  16.311 0.0000000000
15312  -4.949  -71.520  15.668 0.0000000000
15313  -4.744  -70.710  14.331 0.0000000000
15314  -3.683  -72.109  14.769 0.0000000000
15315  -3.152  -73.419  13.736 0.0000000000
15316  -3.330  -73.796  14.997 0.0000000000
15317  -4.542  -77.591  17.070 0.0000000000
15318  -4.126  -77.254  15.664 0.0000000000
15319  -4.975  -78.972  16.260 0.0000000000
15320  -4.865  -80.550  15.365 0.0000000000
15321  -5.210  -80.792  16.532 0.0000000000
15337  -9.784  -90.010  16.781 0.0000000000
15338  -8.406  -90.338  16.223 0.0000000000
15339  -9.584  -91.074  14.886 0.0000000000
15340  -10.346  -95.035  10.685 0.0000000000
15341  -8.927  -93.730  11.893 0.0000000000
15342  -8.831  -95.471  10.793 0.0000000000
15343  -7.405  -95.984  11.383 0.0000000000
15344  -8.382  -97.111  9.941 0.0000000000
17110  -16.890  -75.520  20.112 0.0000000000
17112  -17.006  -75.333  19.104 0.0000000000
17113  -17.040  -74.799  18.316 0.0000000000
17114  -15.334  -75.698  18.204 0.0000000000
17115  -13.663  -75.080  17.900 0.0000000000
17116  -13.675  -76.182  18.493 0.0000000000
17117  -10.903  -77.646  20.791 0.0000000000
17118  -10.824  -76.507  19.932 0.0000000000
17119  -9.624  -76.774  20.595 0.0000000000
17120  -8.385  -75.883  20.619 0.0000000000
17121  -8.513  -77.095  21.415 0.0000000000
21429  -20.332  -65.734  11.462 0.0000000000
21445  -16.880  -69.263  15.194 0.0000000000
21446  -18.361  -69.014  15.209 0.0000000000
21447  -16.822  -68.221  14.876 0.0000000000
21448  -16.758  -67.486  14.099 0.0000000000
21449  -15.347  -67.491  14.060 0.0000000000
21450  -11.091  -70.247  15.351 0.0000000000
21451  -12.552  -69.861  15.425 0.0000000000
21452  -10.966  -69.138  14.312 0.0000000000
21453  -9.652  -67.627  10.030 0.0000000000
21454  -11.104  -67.823  11.888 0.0000000000
21455  -11.272  -67.597  10.276 0.0000000000
21456  -12.726  -67.620  10.635 0.0000000000
21472  -3.928  -77.011  12.389 0.0000000000
21474  -4.957  -78.787  12.181 0.0000000000
21496  -15.072  -80.496  29.734 0.0000000000
21497  -13.042  -80.821  29.712 0.0000000000
21498  -9.733  -79.651  27.836 0.0000000000
21499  -11.495  -79.814  27.697 0.0000000000
21500  -11.149  -79.090  26.611 0.0000000000
21501  -12.518  -78.566  25.560 0.0000000000
21502  -10.930  -78.688  25.541 0.0000000000
21503  -10.921  -78.535  24.449 0.0000000000
21504  -9.586  -78.903  25.491 0.0000000000
21505  -5.685  -79.407  26.448 0.0000000000
21506  -7.082  -79.047  25.386 0.0000000000
21507  -6.017  -78.761  25.069 0.0000000000
21508  -6.187  -78.003  23.582 0.0000000000
21509  -5.125  -78.800  24.346 0.0000000000
21521  -6.336  -86.427  26.632 0.0000000000
21523  -5.674  -86.088  28.323 0.0000000000
21524  -5.131  -85.420  29.958 0.0000000000
21525  -4.928  -84.507  28.323 0.0000000000
21526  -4.313  -83.142  28.185 0.0000000000
21527  -4.854  -83.655  26.762 0.0000000000
21528  -4.059  -82.838  23.075 0.0000000000
21529  -4.105  -82.179  24.017 0.0000000000
21530  -3.711  -81.482  23.109 0.0000000000
21531  -3.952  -79.931  22.709 0.0000000000
21532  -3.502  -80.889  21.951 0.0000000000
21533  -3.499  -80.073  20.780 0.0000000000
21534  -3.422  -81.870  20.880 0.0000000000
21535  -4.479  -85.259  18.283 0.0000000000
21536  -4.080  -83.826  18.363 0.0000000000
21537  -4.637  -84.730  17.098 0.0000000000
21538  -5.002  -84.285  15.967 0.0000000000
21539  -4.626  -86.015  15.619 0.0000000000
21540  -5.747  -91.243  16.611 0.0000000000
21541  -5.070  -89.833  17.394 0.0000000000
21542  -4.623  -91.386  16.556 0.0000000000
21543  -3.616  -92.330  12.555 0.0000000000
21544  -3.408  -91.014  14.189 0.0000000000
21545  -3.324  -90.549  12.418 0.0000000000
21546  -3.432  -88.739  12.498 0.0000000000
21547  -3.360  -89.963  10.706 0.0000000000
21548  -3.779  -89.477  9.415 0.0000000000
21549  -4.033  -91.202  9.277 0.0000000000
24160  -8.094  -73.821  19.033 0.0000000000
24161  -7.917  -72.914  18.064 0.0000000000
24162  -6.422  -73.164  18.795 0.0000000000
24163  -5.052  -72.872  18.117 0.0000000000
24164  -4.102  -73.304  17.277 0.0000000000
24165  -3.682  -74.190  16.286 0.0000000000
24166  -3.801  -74.757  17.629 0.0000000000
24167  -3.965  -76.445  18.002 0.0000000000
24168  -4.397  -78.117  18.501 0.0000000000
24179  -10.723  -91.808  13.500 0.0000000000
24180  -11.680  -93.025  12.517 0.0000000000
25243  -16.861  -75.559  21.068 0.0000000000
25244  -15.394  -76.733  20.036 0.0000000000
25245  -13.797  -77.000  19.333 0.0000000000
25246  -13.905  -77.517  20.330 0.0000000000
25247  -12.499  -78.023  21.037 0.0000000000
25248  -11.089  -78.297  21.905 0.0000000000
27832  -19.368  -66.903  11.657 0.0000000000
27833  -19.390  -66.838  10.647 0.0000000000
27834  -18.200  -67.496  9.853 0.0000000000
27842  -20.022  -70.064  16.874 0.0000000000
27843  -18.623  -70.903  15.994 0.0000000000
27844  -16.967  -70.311  15.467 0.0000000000
27845  -15.468  -69.437  15.306 0.0000000000
27846  -7.793  -69.149  13.242 0.0000000000
27847  -9.413  -68.705  13.041 0.0000000000
27848  -7.755  -68.356  11.728 0.0000000000
27849  -8.045  -68.081  10.110 0.0000000000
27859  -4.475  -80.390  13.039 0.0000000000
27860  -5.200  -80.437  12.298 0.0000000000
27861  -5.231  -81.941  12.279 0.0000000000
27873  -9.947  -81.823  31.280 0.0000000000
27874  -10.937  -81.153  29.917 0.0000000000
27875  -9.106  -81.162  30.200 0.0000000000
27876  -8.449  -80.406  29.153 0.0000000000
27877  -8.188  -79.748  28.018 0.0000000000
27878  -8.199  -79.461  26.760 0.0000000000
27879  -6.755  -80.059  28.073 0.0000000000
27880  -5.491  -80.049  27.830 0.0000000000
27881  -4.547  -80.252  27.258 0.0000000000
27890  -7.195  -86.710  24.908 0.0000000000
27891  -6.408  -85.223  25.299 0.0000000000
27892  -5.394  -84.010  25.415 0.0000000000
27893  -5.944  -84.200  23.801 0.0000000000
27894  -5.097  -83.682  22.571 0.0000000000
27895  -4.226  -83.578  21.702 0.0000000000
27896  -3.728  -83.487  20.747 0.0000000000
27897  -4.606  -84.518  20.520 0.0000000000
27898  -4.825  -85.560  19.362 0.0000000000
27899  -4.616  -86.995  18.143 0.0000000000
27900  -5.335  -93.959  14.048 0.0000000000
27901  -4.454  -92.857  15.166 0.0000000000
27902  -4.657  -94.100  13.581 0.0000000000
27903  -4.322  -93.826  12.474 0.0000000000
27904  -4.458  -93.330  11.075 0.0000000000
27905  -4.724  -92.858  9.668 0.0000000000
27906  -5.346  -94.183  9.851 0.0000000000
27907  -6.269  -94.888  8.689 0.0000000000
31410  -20.667  -66.012  13.343 0.0000000000
31411  -19.382  -66.900  12.599 0.0000000000
31412  -17.972  -67.273  12.158 0.0000000000
31413  -16.630  -67.387  11.849 0.0000000000
31414  -13.877  -72.897  16.965 0.0000000000
31415  -13.990  -71.855  16.510 0.0000000000
31416  -12.523  -71.981  17.033 0.0000000000
31417  -11.073  -71.269  16.427 0.0000000000
31418  -9.594  -70.729  15.497 0.0000000000
31419  -7.890  -72.036  16.966 0.0000000000
31420  -7.973  -71.132  15.794 0.0000000000
31421  -7.867  -70.131  14.501 0.0000000000
31422  -6.177  -69.836  13.701 0.0000000000
31423  -4.662  -70.080  12.898 0.0000000000
31426  -3.424  -73.231  12.635 0.0000000000
31427  -3.265  -75.129  12.941 0.0000000000
31428  -3.479  -77.030  13.370 0.0000000000
31429  -3.387  -75.578  15.298 0.0000000000
31430  -3.551  -77.096  14.433 0.0000000000
31431  -3.876  -78.813  13.886 0.0000000000
31432  -4.341  -80.474  14.153 0.0000000000
31433  -4.528  -81.939  14.097 0.0000000000
31434  -4.523  -83.439  13.726 0.0000000000
31455  -8.620  -88.152  19.943 0.0000000000
31456  -7.737  -87.746  18.608 0.0000000000
31457  -6.684  -87.953  17.991 0.0000000000
31458  -7.297  -89.209  17.282 0.0000000000
31459  -7.024  -90.930  16.435 0.0000000000
31460  -6.734  -92.379  15.252 0.0000000000
31461  -9.170  -92.280  13.259 0.0000000000
31462  -7.668  -92.943  13.553 0.0000000000
31463  -6.460  -93.540  13.934 0.0000000000
31464  -6.318  -94.958  12.737 0.0000000000
31465  -6.217  -96.514  11.615 0.0000000000
31466  -6.136  -97.948  10.492 0.0000000000
33764  -18.636  -72.511  17.222 0.0000000000
33765  -17.102  -73.368  16.746 0.0000000000
33773  -17.063  -74.152  17.470 0.0000000000
33774  -15.395  -73.859  16.811 0.0000000000
33775  -13.715  -73.978  17.391 0.0000000000
33776  -12.348  -74.020  18.214 0.0000000000
33777  -10.980  -74.110  18.864 0.0000000000
33778  -12.152  -76.365  19.137 0.0000000000
33779  -10.829  -75.280  19.382 0.0000000000
33780  -9.580  -74.406  19.358 0.0000000000
33781  -8.277  -74.781  19.880 0.0000000000
33782  -6.977  -75.192  20.679 0.0000000000
33783  -5.843  -75.876  21.400 0.0000000000
39031  -19.536  -66.825  9.602 0.0000000000
39049  -20.012  -69.325  16.277 0.0000000000
39050  -19.887  -68.533  15.677 0.0000000000
39051  -19.790  -67.857  15.073 0.0000000000
39052  -18.188  -67.534  14.125 0.0000000000
39053  -16.735  -67.229  13.112 0.0000000000
39054  -15.381  -67.511  11.504 0.0000000000
39055  -13.982  -70.702  16.002 0.0000000000
39056  -14.029  -69.586  15.400 0.0000000000
39057  -14.005  -68.491  14.737 0.0000000000
39058  -11.028  -68.261  13.236 0.0000000000
39059  -12.586  -67.935  13.578 0.0000000000
39060  -13.965  -67.676  13.864 0.0000000000
39061  -14.016  -67.394  12.612 0.0000000000
39062  -14.102  -67.612  11.079 0.0000000000
39063  -14.387  -67.677  9.320 0.0000000000
39108  -15.662  -76.852  24.244 0.0000000000
39110  -16.138  -79.401  29.170 0.0000000000
39111  -15.420  -78.945  28.098 0.0000000000
39112  -12.111  -80.422  28.731 0.0000000000
39113  -13.424  -79.608  27.844 0.0000000000
39114  -14.924  -78.546  27.021 0.0000000000
39115  -14.469  -78.189  25.886 0.0000000000
39116  -14.128  -77.757  24.749 0.0000000000
39117  -13.964  -77.658  23.627 0.0000000000
39118  -12.448  -78.318  23.398 0.0000000000
39119  -11.005  -78.590  23.206 0.0000000000
39120  -9.713  -78.644  23.062 0.0000000000
39121  -8.300  -79.177  25.497 0.0000000000
39122  -8.476  -78.839  24.236 0.0000000000
39123  -8.571  -78.252  22.742 0.0000000000
39124  -7.416  -77.531  22.553 0.0000000000
39125  -6.088  -77.015  22.224 0.0000000000
39126  -4.892  -76.975  21.877 0.0000000000
39135  -5.493  -84.000  32.271 0.0000000000
39143  -4.977  -84.779  31.401 0.0000000000
39144  -4.702  -83.264  31.076 0.0000000000
39145  -4.270  -82.445  29.454 0.0000000000
39146  -4.105  -81.718  27.798 0.0000000000
39147  -4.143  -80.953  26.330 0.0000000000
39148  -4.605  -82.922  25.256 0.0000000000
39149  -4.238  -81.626  25.063 0.0000000000
39150  -4.420  -80.100  24.731 0.0000000000
39151  -4.470  -79.270  23.355 0.0000000000
39152  -4.236  -78.427  22.289 0.0000000000
39153  -3.950  -77.385  21.286 0.0000000000
39154  -3.641  -78.042  20.478 0.0000000000
39155  -3.845  -79.094  19.663 0.0000000000
39156  -4.317  -80.280  18.881 0.0000000000
39157  -3.586  -82.891  19.574 0.0000000000
39158  -3.987  -82.184  18.628 0.0000000000
39159  -4.753  -81.516  17.787 0.0000000000
39160  -5.038  -82.691  16.335 0.0000000000
39161  -4.895  -83.907  14.785 0.0000000000
39162  -4.320  -85.271  13.226 0.0000000000
39163  -5.720  -88.276  17.897 0.0000000000
39164  -4.735  -88.445  17.802 0.0000000000
39165  -4.075  -88.108  16.938 0.0000000000
39166  -3.720  -91.239  15.799 0.0000000000
39167  -3.602  -89.501  15.741 0.0000000000
39168  -4.123  -87.782  15.607 0.0000000000
39169  -4.095  -87.401  14.091 0.0000000000
39170  -3.848  -87.008  12.648 0.0000000000
39171  -3.702  -86.520  11.497 0.0000000000
39172  -3.823  -87.797  10.052 0.0000000000
39173  -4.571  -89.139  8.672 0.0000000000
39174  -5.856  -90.504  7.776 0.0000000000
39175  -5.175  -92.434  8.562 0.0000000000
41582  -4.965  -75.334  20.814 0.0000000000
41583  -4.755  -74.818  20.276 0.0000000000
41584  -4.352  -75.414  20.468 0.0000000000
41585  -3.900  -75.597  20.050 0.0000000000
41586  -4.024  -76.036  20.572 0.0000000000
42182  -16.192  -76.198  23.000 0.0000000000
42183  -16.169  -76.161  22.487 0.0000000000
42184  -15.432  -76.637  22.534 0.0000000000
42185  -14.666  -77.188  22.223 0.0000000000
42186  -14.674  -77.126  22.687 0.0000000000
43622  -16.194  -67.686  10.185 0.0000000000
43623  -16.347  -67.719  9.400 0.0000000000
43624  -15.775  -67.721  9.033 0.0000000000
43626  -15.198  -67.713  8.713 0.0000000000
43627  -16.243  -72.727  16.185 0.0000000000
43628  -16.277  -72.162  15.981 0.0000000000
43629  -15.458  -72.296  16.121 0.0000000000
43637  -4.442  -84.065  12.526 0.0000000000
43638  -4.702  -84.084  12.117 0.0000000000
43639  -4.503  -84.842  11.725 0.0000000000
43640  -4.581  -85.587  11.031 0.0000000000
43641  -4.224  -85.559  11.343 0.0000000000
43645  -6.188  -82.546  31.857 0.0000000000
43646  -6.410  -82.014  31.286 0.0000000000
43647  -5.731  -82.165  31.227 0.0000000000
43648  -5.372  -81.769  30.538 0.0000000000
43649  -5.148  -82.351  31.076 0.0000000000
43653  -7.639  -86.658  19.968 0.0000000000
43654  -7.792  -86.316  20.993 0.0000000000
43655  -7.493  -86.014  20.311 0.0000000000
43656  -7.087  -85.448  20.732 0.0000000000
43657  -6.995  -85.938  19.814 0.0000000000
43658  -6.506  -86.009  19.485 0.0000000000
43659  -6.839  -86.579  19.018 0.0000000000
43660  -5.436  -97.267  10.534 0.0000000000
43661  -5.059  -96.532  10.827 0.0000000000
43662  -5.314  -97.065  10.053 0.0000000000
43663  -5.336  -96.766  9.524 0.0000000000
43664  -5.594  -97.607  9.255 0.0000000000
43665  -5.851  -97.891  8.591 0.0000000000
43666  -5.818  -98.198  9.064 0.0000000000
46024  -21.156  -66.882  15.456 0.0000000000
46025  -20.398  -67.130  14.610 0.0000000000
46026  -20.474  -67.332  15.007 0.0000000000
46027  -10.287  -73.269  18.397 0.0000000000
46028  -10.266  -72.836  17.974 0.0000000000
46029  -9.469  -73.015  18.084 0.0000000000
46030  -4.457  -72.351  16.537 0.0000000000
46031  -5.008  -71.871  16.261 0.0000000000
46032  -4.396  -72.021  15.945 0.0000000000
46033  -4.297  -71.720  15.273 0.0000000000
46034  -3.857  -72.400  15.430 0.0000000000
46035  -3.474  -72.913  14.884 0.0000000000
46036  -3.619  -73.128  15.515 0.0000000000
46037  -4.879  -78.480  17.422 0.0000000000
46038  -4.850  -78.267  16.690 0.0000000000
46039  -5.107  -79.178  17.013 0.0000000000
46040  -5.175  -79.897  16.495 0.0000000000
46041  -5.215  -80.107  17.198 0.0000000000
46056  -10.256  -90.234  17.458 0.0000000000
46057  -10.330  -90.467  16.223 0.0000000000
46058  -9.713  -90.544  15.781 0.0000000000
46059  -10.295  -90.901  15.180 0.0000000000
46060  -10.154  -95.975  10.201 0.0000000000
46061  -9.573  -95.221  10.632 0.0000000000
46062  -9.393  -96.071  10.163 0.0000000000
46063  -8.643  -96.270  10.335 0.0000000000
47830  -16.223  -76.030  19.549 0.0000000000
47831  -16.953  -75.422  19.617 0.0000000000
47832  -16.277  -75.875  19.065 0.0000000000
47833  -16.240  -75.641  18.635 0.0000000000
47834  -15.386  -76.132  18.614 0.0000000000
47835  -14.472  -75.995  18.301 0.0000000000
47836  -14.511  -76.479  18.685 0.0000000000
47837  -10.263  -77.748  21.140 0.0000000000
47838  -10.240  -77.212  20.676 0.0000000000
47839  -9.650  -77.355  21.025 0.0000000000
47840  -9.062  -76.931  20.985 0.0000000000
47841  -9.126  -77.505  21.461 0.0000000000
52149  -20.411  -65.774  11.951 0.0000000000
52165  -16.132  -68.815  15.051 0.0000000000
52166  -16.855  -68.760  15.062 0.0000000000
52167  -16.108  -68.298  14.862 0.0000000000
52168  -16.078  -67.801  14.532 0.0000000000
52169  -15.367  -67.819  14.545 0.0000000000
52170  -10.310  -69.937  14.822 0.0000000000
52171  -11.055  -69.692  14.837 0.0000000000
52172  -10.233  -69.389  14.259 0.0000000000
52174  -10.470  -67.598  10.133 0.0000000000
52176  -11.421  -67.669  9.453 0.0000000000
52192  -4.009  -77.845  12.553 0.0000000000
52193  -4.396  -77.902  12.220 0.0000000000
52194  -4.551  -78.757  12.436 0.0000000000
52215  -12.914  -81.423  30.852 0.0000000000
52216  -13.518  -81.034  30.237 0.0000000000
52217  -12.450  -81.195  30.333 0.0000000000
52218  -9.660  -79.391  27.285 0.0000000000
52219  -10.450  -79.374  27.205 0.0000000000
52220  -10.345  -79.108  26.658 0.0000000000
52221  -10.996  -78.846  26.065 0.0000000000
52222  -10.277  -78.912  26.083 0.0000000000
52223  -10.258  -78.769  25.519 0.0000000000
52224  -9.589  -79.027  26.105 0.0000000000
52225  -5.221  -79.420  26.185 0.0000000000
52226  -5.833  -79.083  25.750 0.0000000000
52227  -5.366  -79.080  25.446 0.0000000000
52228  -5.506  -78.724  24.797 0.0000000000
52229  -5.012  -79.161  25.079 0.0000000000
52241  -6.016  -85.694  26.743 0.0000000000
52242  -5.979  -86.264  27.441 0.0000000000
52243  -5.669  -85.514  27.568 0.0000000000
52244  -5.340  -85.251  28.390 0.0000000000
52245  -5.288  -84.761  27.593 0.0000000000
52246  -4.894  -84.059  27.537 0.0000000000
52247  -5.230  -84.282  26.847 0.0000000000
52248  -3.800  -82.680  22.612 0.0000000000
52249  -3.801  -82.222  23.149 0.0000000000
52250  -3.586  -81.907  22.658 0.0000000000
52251  -3.605  -81.176  22.570 0.0000000000
52252  -3.472  -81.634  22.051 0.0000000000
52253  -3.411  -81.384  21.469 0.0000000000
52254  -3.482  -82.193  21.490 0.0000000000
52255  -4.569  -85.866  17.618 0.0000000000
52256  -4.534  -85.001  17.672 0.0000000000
52257  -4.625  -85.586  16.989 0.0000000000
52258  -4.708  -85.344  16.397 0.0000000000
52259  -4.548  -86.225  16.319 0.0000000000
52260  -5.624  -92.094  16.075 0.0000000000
52261  -5.213  -91.368  16.653 0.0000000000
52262  -5.006  -92.170  16.047 0.0000000000
52263  -3.642  -92.011  11.670 0.0000000000
52264  -3.416  -91.461  12.460 0.0000000000
52265  -3.426  -91.113  11.552 0.0000000000
52266  -3.302  -90.239  11.543 0.0000000000
52267  -3.464  -90.804  10.696 0.0000000000
52268  -3.560  -90.560  9.824 0.0000000000
52269  -3.791  -91.416  9.872 0.0000000000
55627  -7.362  -73.929  19.411 0.0000000000
55628  -7.228  -73.472  18.940 0.0000000000
55629  -6.535  -73.627  19.308 0.0000000000
55630  -4.547  -73.806  18.991 0.0000000000
55631  -5.097  -73.271  18.737 0.0000000000
55632  -4.540  -73.369  18.321 0.0000000000
55633  -4.474  -72.953  17.706 0.0000000000
55634  -4.129  -73.610  17.892 0.0000000000
55635  -3.897  -74.017  17.450 0.0000000000
55636  -3.905  -74.335  18.120 0.0000000000
55637  -3.693  -76.282  19.164 0.0000000000
55638  -3.773  -75.951  18.515 0.0000000000
55639  -3.874  -76.725  18.713 0.0000000000
55640  -4.170  -77.237  18.221 0.0000000000
55641  -4.019  -77.567  18.894 0.0000000000
55658  -11.749  -92.331  13.473 0.0000000000
57430  -16.098  -76.204  21.474 0.0000000000
57432  -16.142  -76.158  20.985 0.0000000000
57433  -16.138  -76.172  20.487 0.0000000000
57434  -15.424  -76.721  20.531 0.0000000000
57435  -14.650  -77.161  20.167 0.0000000000
57436  -14.675  -77.217  20.670 0.0000000000
57437  -13.245  -77.979  21.762 0.0000000000
57438  -13.221  -77.966  21.204 0.0000000000
57439  -12.517  -78.192  21.601 0.0000000000
57440  -11.787  -78.180  21.451 0.0000000000
57441  -11.810  -78.375  22.035 0.0000000000
61747  -18.724  -67.225  11.349 0.0000000000
61748  -18.747  -67.255  10.844 0.0000000000
61749  -18.158  -67.496  10.478 0.0000000000
61750  -16.839  -67.917  8.006 0.0000000000
61751  -17.357  -67.879  8.384 0.0000000000
61762  -19.373  -71.319  16.959 0.0000000000
61763  -19.362  -70.943  16.655 0.0000000000
61764  -18.662  -71.370  16.258 0.0000000000
61765  -16.264  -71.000  15.662 0.0000000000
61766  -17.034  -70.850  15.597 0.0000000000
61767  -16.252  -70.423  15.555 0.0000000000
61768  -16.204  -69.886  15.407 0.0000000000
61769  -15.510  -69.969  15.500 0.0000000000
61770  -6.955  -69.033  12.682 0.0000000000
61771  -7.762  -68.731  12.552 0.0000000000
61772  -6.941  -68.632  11.901 0.0000000000
61774  -7.282  -68.464  10.300 0.0000000000
61792  -4.511  -81.107  13.058 0.0000000000
61793  -4.826  -81.147  12.633 0.0000000000
61794  -4.851  -81.850  12.605 0.0000000000
61795  -5.465  -84.272  11.635 0.0000000000
61796  -5.558  -83.508  11.913 0.0000000000
61802  -4.902  -86.922  9.926 0.0000000000
61803  -5.489  -87.026  9.827 0.0000000000
61804  -5.277  -87.641  9.472 0.0000000000
61806  -5.142  -88.279  9.071 0.0000000000
61815  -9.089  -81.911  31.450 0.0000000000
61816  -9.511  -81.509  30.717 0.0000000000
61817  -8.676  -81.579  30.921 0.0000000000
61818  -7.164  -80.939  29.937 0.0000000000
61819  -7.958  -80.799  29.800 0.0000000000
61820  -7.700  -80.380  29.242 0.0000000000
61821  -8.255  -79.987  28.602 0.0000000000
61822  -7.544  -80.114  28.669 0.0000000000
61823  -7.470  -79.919  28.078 0.0000000000
61824  -6.807  -80.301  28.717 0.0000000000
61825  -5.008  -80.883  28.992 0.0000000000
61826  -5.493  -80.430  28.503 0.0000000000
61827  -4.943  -80.435  28.211 0.0000000000
61828  -4.956  -80.075  27.533 0.0000000000
61829  -4.543  -80.568  27.878 0.0000000000
61841  -7.552  -86.078  23.187 0.0000000000
61842  -7.565  -86.783  23.931 0.0000000000
61843  -7.253  -86.025  24.218 0.0000000000
61844  -6.854  -85.961  25.141 0.0000000000
61845  -6.778  -85.305  24.425 0.0000000000
61846  -6.245  -84.677  24.535 0.0000000000
61847  -6.560  -84.756  23.651 0.0000000000
61848  -5.958  -84.375  21.476 0.0000000000
61849  -5.750  -84.062  22.304 0.0000000000
61850  -5.311  -83.988  21.823 0.0000000000
61851  -4.669  -83.615  22.157 0.0000000000
61852  -4.824  -84.013  21.427 0.0000000000
61853  -4.450  -84.070  21.068 0.0000000000
61854  -5.021  -84.503  20.773 0.0000000000
61855  -5.587  -86.229  19.248 0.0000000000
61856  -5.194  -85.599  19.652 0.0000000000
61857  -5.171  -86.320  19.050 0.0000000000
61858  -4.813  -86.248  18.731 0.0000000000
61859  -4.951  -87.088  18.501 0.0000000000
61860  -5.406  -94.673  13.337 0.0000000000
61861  -4.969  -94.066  13.901 0.0000000000
61862  -5.025  -94.745  13.170 0.0000000000
61863  -4.778  -95.043  11.482 0.0000000000
61864  -4.638  -94.584  12.281 0.0000000000
61865  -4.675  -94.313  11.708 0.0000000000
61866  -4.372  -93.590  11.812 0.0000000000
61867  -4.803  -94.056  11.096 0.0000000000
61868  -4.957  -93.799  10.452 0.0000000000
61869  -5.132  -94.494  10.382 0.0000000000
61870  -5.912  -95.958  8.812 0.0000000000
61871  -5.872  -95.174  9.058 0.0000000000
61872  -6.371  -95.599  8.514 0.0000000000
68954  -20.767  -66.158  13.770 0.0000000000
68955  -20.077  -66.531  12.940 0.0000000000
68956  -20.161  -66.691  13.322 0.0000000000
68957  -18.720  -67.246  13.252 0.0000000000
68958  -18.700  -67.144  12.806 0.0000000000
68959  -18.008  -67.215  12.663 0.0000000000
68960  -17.286  -67.330  11.994 0.0000000000
68961  -17.341  -67.225  12.594 0.0000000000
68962  -13.180  -72.927  17.344 0.0000000000
68963  -13.210  -72.407  17.089 0.0000000000
68964  -12.515  -72.483  17.384 0.0000000000
68965  -10.291  -71.933  17.042 0.0000000000
68966  -11.063  -71.750  16.968 0.0000000000
68967  -10.347  -71.479  16.531 0.0000000000
68968  -10.364  -70.991  15.954 0.0000000000
68969  -9.606  -71.229  16.092 0.0000000000
68970  -7.111  -72.612  17.846 0.0000000000
68971  -7.895  -72.462  17.494 0.0000000000
68972  -7.091  -72.176  17.254 0.0000000000
68973  -6.358  -71.195  15.697 0.0000000000
68974  -7.134  -71.334  16.037 0.0000000000
68975  -7.158  -70.918  15.447 0.0000000000
68976  -7.933  -70.649  15.184 0.0000000000
68977  -7.101  -70.466  14.836 0.0000000000
68978  -7.036  -69.957  14.132 0.0000000000
68979  -6.257  -70.334  14.458 0.0000000000
68980  -4.088  -70.987  13.931 0.0000000000
68981  -4.643  -70.348  13.672 0.0000000000
68982  -4.098  -70.758  13.212 0.0000000000
68983  -4.131  -70.565  12.483 0.0000000000
68984  -3.753  -71.407  12.758 0.0000000000
68986  -3.463  -72.319  12.952 0.0000000000
68987  -3.070  -74.366  13.928 0.0000000000
68988  -3.123  -74.236  13.319 0.0000000000
68989  -3.123  -75.231  13.524 0.0000000000
68990  -3.329  -76.114  13.136 0.0000000000
68991  -3.277  -76.174  13.716 0.0000000000
68992  -3.663  -75.090  16.496 0.0000000000
68993  -3.494  -74.877  15.771 0.0000000000
68994  -3.658  -75.711  15.934 0.0000000000
68995  -4.213  -78.012  15.334 0.0000000000
68996  -3.811  -77.178  15.027 0.0000000000
68997  -3.881  -77.968  14.737 0.0000000000
68998  -3.685  -77.984  14.163 0.0000000000
68999  -3.962  -78.846  14.491 0.0000000000
69000  -4.123  -79.660  14.068 0.0000000000
69001  -4.280  -79.705  14.689 0.0000000000
69002  -4.931  -81.354  15.284 0.0000000000
69003  -4.690  -81.259  14.732 0.0000000000
69004  -4.742  -82.002  14.597 0.0000000000
69005  -4.544  -82.673  13.955 0.0000000000
69006  -4.727  -82.783  14.443 0.0000000000
69048  -9.156  -89.038  18.470 0.0000000000
69049  -8.998  -88.750  19.611 0.0000000000
69050  -8.682  -88.422  18.855 0.0000000000
69051  -8.277  -87.864  19.232 0.0000000000
69052  -8.159  -88.304  18.172 0.0000000000
69053  -7.524  -88.417  17.781 0.0000000000
69054  -7.955  -89.016  17.425 0.0000000000
69055  -8.260  -91.055  15.545 0.0000000000
69056  -7.701  -90.622  16.257 0.0000000000
69057  -7.528  -91.406  15.749 0.0000000000
69058  -6.851  -91.666  15.893 0.0000000000
69059  -7.387  -92.074  15.100 0.0000000000
69060  -10.589  -92.439  12.586 0.0000000000
69061  -9.977  -91.980  13.236 0.0000000000
69062  -9.806  -92.681  12.492 0.0000000000
69063  -8.199  -94.020  12.086 0.0000000000
69064  -8.268  -93.270  12.690 0.0000000000
69065  -7.524  -93.578  12.899 0.0000000000
69066  -7.005  -93.262  13.714 0.0000000000
69067  -6.946  -93.918  13.149 0.0000000000
69068  -6.406  -94.203  13.328 0.0000000000
69069  -6.886  -94.671  12.600 0.0000000000
69070  -7.268  -96.856  10.925 0.0000000000
69071  -6.774  -96.248  11.567 0.0000000000
69072  -6.677  -97.071  11.073 0.0000000000
69073  -6.206  -97.258  11.135 0.0000000000
69074  -6.571  -97.773  10.604 0.0000000000
69075  -6.463  -98.374  10.115 0.0000000000
69076  -6.936  -98.236  10.081 0.0000000000
74360  -17.881  -72.996  16.888 0.0000000000
74361  -17.935  -73.346  17.278 0.0000000000
74380  -16.203  -74.983  17.775 0.0000000000
74381  -17.033  -74.502  17.845 0.0000000000
74382  -16.211  -74.541  17.402 0.0000000000
74383  -16.257  -74.140  17.010 0.0000000000
74384  -15.355  -74.340  17.145 0.0000000000
74385  -14.506  -73.942  17.033 0.0000000000
74386  -14.472  -74.446  17.341 0.0000000000
74387  -12.940  -75.152  18.274 0.0000000000
74388  -12.974  -74.561  18.058 0.0000000000
74389  -12.273  -74.570  18.446 0.0000000000
74390  -11.681  -74.025  18.589 0.0000000000
74391  -11.594  -74.594  18.815 0.0000000000
74392  -13.043  -77.182  19.579 0.0000000000
74393  -12.976  -76.754  19.162 0.0000000000
74394  -12.235  -76.865  19.499 0.0000000000
74395  -10.172  -76.012  19.961 0.0000000000
74396  -10.774  -75.904  19.659 0.0000000000
74397  -10.180  -75.392  19.710 0.0000000000
74398  -10.234  -74.773  19.454 0.0000000000
74399  -9.587  -74.946  19.688 0.0000000000
74400  -8.919  -74.612  19.578 0.0000000000
74401  -8.947  -75.134  19.950 0.0000000000
74402  -7.814  -76.074  21.016 0.0000000000
74403  -7.723  -75.514  20.647 0.0000000000
74404  -7.104  -75.747  21.091 0.0000000000
74405  -6.364  -75.483  21.089 0.0000000000
74406  -6.523  -76.032  21.468 0.0000000000
87330  -18.907  -67.249  9.672 0.0000000000
87331  -19.418  -66.793  10.099 0.0000000000
87332  -19.052  -67.237  9.145 0.0000000000
87375  -19.339  -70.105  16.163 0.0000000000
87376  -20.020  -69.684  16.586 0.0000000000
87377  -19.307  -69.696  15.875 0.0000000000
87378  -18.292  -68.538  15.011 0.0000000000
87379  -19.132  -68.804  15.382 0.0000000000
87380  -19.119  -68.375  15.133 0.0000000000
87381  -19.891  -68.157  15.421 0.0000000000
87382  -19.044  -68.006  14.889 0.0000000000
87383  -18.938  -67.730  14.524 0.0000000000
87384  -18.243  -67.790  14.493 0.0000000000
87385  -16.036  -67.278  13.613 0.0000000000
87386  -16.764  -67.298  13.659 0.0000000000
87387  -16.020  -67.234  12.982 0.0000000000
87388  -16.010  -67.281  12.364 0.0000000000
87389  -15.337  -67.354  12.197 0.0000000000
87390  -13.300  -71.385  16.467 0.0000000000
87391  -14.009  -71.315  16.251 0.0000000000
87392  -13.270  -70.850  16.149 0.0000000000
87393  -12.608  -69.254  15.012 0.0000000000
87394  -13.291  -69.697  15.435 0.0000000000
87395  -13.344  -69.052  15.096 0.0000000000
87396  -14.039  -69.007  15.098 0.0000000000
87397  -13.311  -68.562  14.709 0.0000000000
87398  -9.367  -68.318  12.380 0.0000000000
87399  -10.222  -68.488  13.085 0.0000000000
87400  -10.204  -68.160  12.454 0.0000000000
87401  -11.887  -67.729  12.058 0.0000000000
87402  -11.844  -67.882  12.770 0.0000000000
87403  -12.610  -67.756  12.925 0.0000000000
87404  -13.298  -67.815  13.697 0.0000000000
87405  -13.327  -67.614  13.114 0.0000000000
87406  -13.986  -67.464  13.282 0.0000000000
87407  -13.395  -67.500  12.498 0.0000000000
87408  -12.835  -67.626  9.700 0.0000000000
87409  -13.440  -67.626  10.868 0.0000000000
87410  -13.510  -67.663  9.906 0.0000000000
87411  -14.208  -67.663  10.171 0.0000000000
87412  -13.716  -67.650  9.055 0.0000000000
87465  -5.693  -81.266  12.077 0.0000000000
87466  -5.704  -80.489  12.094 0.0000000000
87523  -16.510  -76.470  24.687 0.0000000000
87524  -15.784  -76.986  24.814 0.0000000000
87528  -14.607  -80.266  29.241 0.0000000000
87529  -15.591  -79.983  29.418 0.0000000000
87530  -15.126  -79.790  28.902 0.0000000000
87531  -15.807  -79.208  28.626 0.0000000000
87532  -14.780  -79.467  28.435 0.0000000000
87533  -10.538  -80.868  29.372 0.0000000000
87534  -11.511  -80.830  29.292 0.0000000000
87535  -11.123  -80.546  28.764 0.0000000000
87536  -12.218  -79.441  27.157 0.0000000000
87537  -12.449  -79.795  27.724 0.0000000000
87538  -13.185  -79.376  27.237 0.0000000000
87539  -14.155  -79.100  27.450 0.0000000000
87540  -13.920  -78.918  26.815 0.0000000000
87541  -14.676  -78.431  26.466 0.0000000000
87542  -13.646  -78.653  26.264 0.0000000000
87543  -12.474  -78.392  25.014 0.0000000000
87544  -13.315  -78.215  25.099 0.0000000000
87545  -13.259  -78.081  24.550 0.0000000000
87546  -14.041  -77.687  24.171 0.0000000000
87547  -13.203  -78.079  23.985 0.0000000000
87548  -13.165  -78.048  23.471 0.0000000000
87549  -12.420  -78.330  23.935 0.0000000000
87550  -10.214  -78.652  24.418 0.0000000000
87551  -10.964  -78.586  23.823 0.0000000000
87552  -10.271  -78.697  23.800 0.0000000000
87553  -10.330  -78.697  23.176 0.0000000000
87554  -9.633  -78.804  23.782 0.0000000000
87555  -7.487  -79.573  26.741 0.0000000000
87556  -8.240  -79.332  26.115 0.0000000000
87557  -7.525  -79.378  26.068 0.0000000000
87558  -7.267  -78.770  24.726 0.0000000000
87559  -7.787  -78.943  24.832 0.0000000000
87560  -7.929  -78.674  24.128 0.0000000000
87561  -8.535  -78.597  23.512 0.0000000000
87562  -8.006  -78.335  23.403 0.0000000000
87563  -8.024  -77.911  22.638 0.0000000000
87564  -7.449  -78.042  23.240 0.0000000000
87565  -5.615  -77.905  23.250 0.0000000000
87566  -6.157  -77.558  22.875 0.0000000000
87567  -5.564  -77.452  22.557 0.0000000000
87568  -5.447  -76.927  22.096 0.0000000000
87569  -5.030  -77.492  22.348 0.0000000000
87592  -5.579  -84.677  32.406 0.0000000000
87611  -4.777  -84.703  29.993 0.0000000000
87612  -4.986  -85.122  30.741 0.0000000000
87613  -4.693  -84.412  30.703 0.0000000000
87614  -4.774  -84.011  31.295 0.0000000000
87615  -4.485  -83.653  30.520 0.0000000000
87616  -4.445  -82.849  30.318 0.0000000000
87617  -4.323  -83.228  29.676 0.0000000000
87618  -4.262  -82.784  27.373 0.0000000000
87619  -4.137  -82.459  28.016 0.0000000000
87620  -4.083  -82.065  27.196 0.0000000000
87621  -4.103  -81.310  27.037 0.0000000000
87622  -4.103  -81.658  26.425 0.0000000000
87623  -5.122  -83.569  24.662 0.0000000000
87624  -4.959  -83.470  25.283 0.0000000000
87625  -4.674  -83.093  24.604 0.0000000000
87626  -4.021  -81.543  23.963 0.0000000000
87627  -4.185  -81.932  24.531 0.0000000000
87628  -4.175  -81.233  24.403 0.0000000000
87629  -4.256  -80.889  24.914 0.0000000000
87630  -4.282  -80.474  24.205 0.0000000000
87631  -4.492  -79.708  24.022 0.0000000000
87632  -4.239  -80.021  23.556 0.0000000000
87633  -3.893  -79.560  22.146 0.0000000000
87634  -4.120  -79.191  22.496 0.0000000000
87635  -4.021  -78.783  21.936 0.0000000000
87636  -4.120  -77.968  21.759 0.0000000000
87637  -3.844  -78.289  21.411 0.0000000000
87638  -3.730  -77.703  20.894 0.0000000000
87639  -3.702  -78.615  21.052 0.0000000000
87640  -3.472  -80.548  20.328 0.0000000000
87641  -3.610  -79.533  20.198 0.0000000000
87642  -3.707  -80.109  19.783 0.0000000000
87643  -4.066  -79.689  19.288 0.0000000000
87644  -3.903  -80.690  19.325 0.0000000000
87645  -3.871  -83.942  20.167 0.0000000000
87646  -3.590  -83.246  20.137 0.0000000000
87647  -3.793  -83.656  19.546 0.0000000000
87648  -4.216  -83.485  17.892 0.0000000000
87649  -3.954  -83.031  18.489 0.0000000000
87650  -4.181  -82.699  18.091 0.0000000000
87651  -4.346  -81.855  18.252 0.0000000000
87652  -4.564  -82.409  17.620 0.0000000000
87653  -4.891  -82.139  17.100 0.0000000000
87654  -4.781  -82.946  16.929 0.0000000000
87655  -4.837  -85.036  15.164 0.0000000000
87656  -4.958  -84.147  15.366 0.0000000000
87657  -4.764  -84.868  14.581 0.0000000000
87658  -4.636  -84.612  14.009 0.0000000000
87659  -4.448  -85.511  13.754 0.0000000000
87660  -6.364  -88.765  17.575 0.0000000000
87661  -6.178  -88.080  17.930 0.0000000000
87662  -5.894  -88.934  17.611 0.0000000000
87663  -4.493  -89.827  17.326 0.0000000000
87664  -4.862  -89.116  17.621 0.0000000000
87665  -4.332  -89.070  17.454 0.0000000000
87666  -4.291  -88.361  17.485 0.0000000000
87667  -4.030  -88.919  16.971 0.0000000000
87668  -4.059  -92.748  14.728 0.0000000000
87669  -4.014  -92.044  15.515 0.0000000000
87670  -3.725  -91.934  14.996 0.0000000000
87671  -3.431  -90.136  14.172 0.0000000000
87672  -3.487  -90.336  14.976 0.0000000000
87673  -3.579  -89.350  15.020 0.0000000000
87674  -3.808  -88.612  15.684 0.0000000000
87675  -3.857  -88.486  14.859 0.0000000000
87676  -4.159  -87.585  14.832 0.0000000000
87677  -3.830  -88.318  14.061 0.0000000000
87678  -3.399  -88.466  11.781 0.0000000000
87679  -3.630  -87.866  12.620 0.0000000000
87680  -3.546  -87.621  11.903 0.0000000000
87681  -3.740  -86.793  12.055 0.0000000000
87682  -3.510  -87.409  11.280 0.0000000000
87683  -3.687  -87.152  10.711 0.0000000000
87684  -3.519  -87.988  10.513 0.0000000000
87685  -4.204  -90.126  8.732 0.0000000000
87686  -4.117  -89.296  8.940 0.0000000000
87687  -4.633  -90.021  8.367 0.0000000000
87688  -5.193  -89.869  8.172 0.0000000000
87689  -5.252  -90.727  7.942 0.0000000000
87690  -5.266  -93.320  9.239 0.0000000000
87691  -4.914  -92.653  9.083 0.0000000000
87692  -5.515  -93.116  8.774 0.0000000000
93280  -6.042  -74.421  20.154 0.0000000000
93281  -5.885  -73.885  19.656 0.0000000000
93282  -5.269  -74.303  20.005 0.0000000000
93283  -4.544  -74.245  19.680 0.0000000000
93284  -4.132  -74.486  19.240 0.0000000000
93285  -3.859  -74.775  18.816 0.0000000000
93286  -3.831  -75.209  19.477 0.0000000000
93287  -3.607  -75.890  19.649 0.0000000000
93288  -3.603  -76.650  19.719 0.0000000000
94363  -16.122  -76.208  21.976 0.0000000000
94364  -15.373  -76.749  21.543 0.0000000000
94365  -14.668  -77.275  21.206 0.0000000000
94366  -14.651  -77.242  21.724 0.0000000000
94367  -13.961  -77.655  21.973 0.0000000000
94368  -13.232  -77.959  22.265 0.0000000000
96952  -17.420  -67.561  10.815 0.0000000000
96953  -17.550  -67.637  10.113 0.0000000000
96954  -16.940  -67.721  9.741 0.0000000000
96955  -16.578  -67.813  8.677 0.0000000000
96961  -17.923  -72.204  16.281 0.0000000000
96962  -17.922  -71.720  16.003 0.0000000000
96963  -17.113  -71.967  15.939 0.0000000000
96964  -16.290  -71.592  15.788 0.0000000000
96965  -15.514  -71.111  15.797 0.0000000000
96966  -5.465  -69.264  11.642 0.0000000000
96967  -6.274  -68.789  11.280 0.0000000000
96968  -5.733  -69.321  10.971 0.0000000000
96979  -4.631  -82.592  12.956 0.0000000000
96980  -4.866  -82.604  12.536 0.0000000000
96981  -4.822  -83.377  12.403 0.0000000000
96982  -5.029  -84.170  11.809 0.0000000000
96983  -5.279  -85.014  11.255 0.0000000000
96984  -5.451  -85.805  10.685 0.0000000000
96985  -4.987  -85.677  10.816 0.0000000000
96986  -4.696  -86.281  10.416 0.0000000000
96987  -4.432  -86.860  10.071 0.0000000000
96993  -7.583  -82.246  31.776 0.0000000000
96994  -7.895  -81.708  31.078 0.0000000000
96995  -7.104  -81.869  31.212 0.0000000000
96996  -6.734  -81.490  30.631 0.0000000000
96997  -6.403  -81.116  30.000 0.0000000000
96998  -6.200  -80.762  29.350 0.0000000000
96999  -5.723  -81.235  29.947 0.0000000000
97000  -5.117  -81.353  29.800 0.0000000000
97001  -4.673  -81.435  29.513 0.0000000000
97007  -8.184  -87.402  21.452 0.0000000000
97009  -7.992  -86.819  21.767 0.0000000000
97010  -7.825  -86.143  22.101 0.0000000000
97011  -7.407  -85.400  22.416 0.0000000000
97012  -6.864  -84.809  22.653 0.0000000000
97013  -7.025  -85.062  21.681 0.0000000000
97014  -6.557  -84.862  21.103 0.0000000000
97015  -6.109  -84.808  20.697 0.0000000000
97016  -5.607  -84.967  20.404 0.0000000000
97017  -6.124  -85.471  20.004 0.0000000000
97018  -6.048  -86.111  19.345 0.0000000000
97019  -5.905  -86.806  18.750 0.0000000000
97020  -5.295  -96.116  11.961 0.0000000000
97021  -4.979  -95.451  12.420 0.0000000000
97022  -4.945  -96.048  11.585 0.0000000000
97023  -4.834  -95.783  11.161 0.0000000000
97024  -4.857  -95.421  10.662 0.0000000000
97025  -5.181  -95.190  10.178 0.0000000000
97026  -5.206  -95.928  9.859 0.0000000000
97027  -5.554  -96.357  9.145 0.0000000000
97028  -5.990  -96.824  8.535 0.0000000000
97029  -6.459  -97.116  8.041 0.0000000000
97030  -6.044  -97.528  8.260 0.0000000000
101276  -20.935  -66.607  14.588 0.0000000000
101277  -20.237  -66.810  13.772 0.0000000000
101278  -20.326  -67.009  14.176 0.0000000000
101279  -19.558  -67.232  13.883 0.0000000000
101280  -18.820  -67.342  13.714 0.0000000000
101281  -11.788  -73.062  18.020 0.0000000000
101282  -11.807  -72.565  17.665 0.0000000000
101283  -11.046  -72.683  17.848 0.0000000000
101284  -10.275  -72.387  17.526 0.0000000000
101285  -9.501  -72.129  17.123 0.0000000000
101286  -5.628  -72.203  17.250 0.0000000000
101287  -6.322  -71.964  16.938 0.0000000000
101288  -5.630  -71.862  16.583 0.0000000000
101289  -5.653  -71.507  15.936 0.0000000000
101290  -5.618  -71.118  15.354 0.0000000000
101291  -5.523  -70.671  14.695 0.0000000000
101292  -4.874  -71.135  15.022 0.0000000000
101293  -4.191  -71.344  14.609 0.0000000000
101294  -3.634  -71.781  14.065 0.0000000000
101295  -3.338  -72.453  13.546 0.0000000000
101296  -3.333  -72.667  14.220 0.0000000000
101297  -3.163  -73.606  14.415 0.0000000000
101298  -3.117  -74.497  14.520 0.0000000000
101299  -4.177  -76.736  16.828 0.0000000000
101300  -3.982  -76.525  16.111 0.0000000000
101301  -4.470  -77.397  16.304 0.0000000000
101302  -4.559  -78.091  15.945 0.0000000000
101303  -4.611  -78.870  15.617 0.0000000000
101304  -4.573  -79.684  15.279 0.0000000000
101305  -4.921  -79.756  15.842 0.0000000000
101306  -5.109  -80.651  15.951 0.0000000000
101307  -5.090  -81.489  15.846 0.0000000000
101334  -9.709  -89.696  18.009 0.0000000000
101335  -9.233  -89.474  17.333 0.0000000000
101336  -8.510  -89.578  17.010 0.0000000000
101337  -9.129  -90.115  16.366 0.0000000000
101338  -8.999  -90.744  15.553 0.0000000000
101339  -8.829  -91.365  14.781 0.0000000000
101340  -10.425  -94.112  11.236 0.0000000000
101341  -9.696  -93.458  11.796 0.0000000000
101342  -9.631  -94.324  11.200 0.0000000000
101343  -8.879  -94.607  11.295 0.0000000000
101344  -8.180  -94.898  11.542 0.0000000000
101345  -7.487  -95.173  11.800 0.0000000000
101346  -8.145  -95.738  11.079 0.0000000000
101347  -7.919  -96.556  10.676 0.0000000000
101348  -7.699  -97.328  10.202 0.0000000000
101349  -7.472  -97.995  9.887 0.0000000000
104528  -17.578  -74.861  20.238 0.0000000000
104529  -17.634  -74.786  19.765 0.0000000000
104530  -17.685  -74.694  19.335 0.0000000000
104531  -17.762  -74.466  18.936 0.0000000000
104532  -17.028  -75.081  18.730 0.0000000000
104533  -16.231  -75.313  18.209 0.0000000000
104534  -15.309  -75.281  17.812 0.0000000000
104535  -14.424  -74.954  17.598 0.0000000000
104536  -14.431  -75.486  17.935 0.0000000000
104537  -13.656  -75.678  18.175 0.0000000000
104538  -12.922  -75.712  18.512 0.0000000000
104539  -11.620  -77.510  20.382 0.0000000000
104540  -11.548  -76.979  19.931 0.0000000000
104541  -10.872  -77.090  20.324 0.0000000000
104542  -10.202  -76.616  20.275 0.0000000000
104543  -9.598  -76.155  20.251 0.0000000000
104544  -8.963  -75.712  20.275 0.0000000000
104545  -9.033  -76.323  20.568 0.0000000000
104546  -8.444  -76.491  20.954 0.0000000000
104547  -7.890  -76.688  21.411 0.0000000000
112303  -18.947  -67.661  8.324 0.0000000000
112329  -17.677  -69.669  15.302 0.0000000000
112330  -18.462  -69.486  15.400 0.0000000000
112331  -17.636  -69.181  15.199 0.0000000000
112332  -17.561  -68.672  15.025 0.0000000000
112333  -17.518  -68.160  14.791 0.0000000000
112334  -17.507  -67.796  14.481 0.0000000000
112335  -16.790  -67.796  14.504 0.0000000000
112336  -16.058  -67.489  14.093 0.0000000000
112337  -15.322  -67.308  13.531 0.0000000000
112338  -11.785  -70.610  15.858 0.0000000000
112339  -12.512  -70.453  15.842 0.0000000000
112340  -11.791  -70.054  15.372 0.0000000000
112341  -11.815  -69.467  14.910 0.0000000000
112342  -11.742  -68.942  14.465 0.0000000000
112343  -9.511  -67.794  10.894 0.0000000000
112344  -10.255  -67.907  11.753 0.0000000000
112345  -10.347  -67.730  10.973 0.0000000000
112346  -11.207  -67.691  11.123 0.0000000000
112347  -11.920  -67.621  11.309 0.0000000000
112348  -12.648  -67.617  11.535 0.0000000000
112349  -12.016  -67.594  10.426 0.0000000000
112350  -12.151  -67.631  9.546 0.0000000000
112378  -3.885  -76.143  12.231 0.0000000000
112380  -4.326  -77.085  12.059 0.0000000000
112421  -14.553  -80.885  30.163 0.0000000000
112422  -14.083  -80.665  29.697 0.0000000000
112423  -13.622  -80.408  29.209 0.0000000000
112424  -9.896  -80.063  28.347 0.0000000000
112425  -10.798  -80.152  28.229 0.0000000000
112426  -10.592  -79.745  27.723 0.0000000000
112427  -11.297  -79.438  27.154 0.0000000000
112428  -12.014  -79.095  26.583 0.0000000000
112429  -12.672  -78.788  26.134 0.0000000000
112430  -11.815  -78.835  26.065 0.0000000000
112431  -11.690  -78.635  25.524 0.0000000000
112432  -11.652  -78.505  25.011 0.0000000000
112433  -11.655  -78.484  24.453 0.0000000000
112434  -10.879  -78.551  25.047 0.0000000000
112435  -10.231  -78.654  24.985 0.0000000000
112436  -9.569  -78.835  24.959 0.0000000000
112437  -6.146  -79.431  26.584 0.0000000000
112438  -6.839  -79.279  25.957 0.0000000000
112439  -6.365  -79.188  25.930 0.0000000000
112440  -6.564  -78.885  25.294 0.0000000000
112441  -6.717  -78.564  24.592 0.0000000000
112442  -6.810  -78.190  23.834 0.0000000000
112443  -6.133  -78.374  24.384 0.0000000000
112444  -5.618  -78.340  24.001 0.0000000000
112445  -5.164  -78.396  23.592 0.0000000000
112470  -5.495  -86.203  29.911 0.0000000000
112471  -5.385  -85.741  29.164 0.0000000000
112472  -5.004  -84.955  29.146 0.0000000000
112473  -4.664  -84.240  29.112 0.0000000000
112474  -4.391  -83.574  29.003 0.0000000000
112475  -4.587  -83.819  28.304 0.0000000000
112476  -4.547  -83.412  27.480 0.0000000000
112477  -4.522  -83.050  26.682 0.0000000000
112478  -4.367  -82.991  23.520 0.0000000000
112479  -4.355  -82.740  24.026 0.0000000000
112480  -3.986  -82.486  23.603 0.0000000000
112481  -3.860  -81.840  23.620 0.0000000000
112482  -3.848  -81.103  23.456 0.0000000000
112483  -4.009  -80.346  23.247 0.0000000000
112484  -3.775  -80.728  22.939 0.0000000000
112485  -3.718  -80.356  22.369 0.0000000000
112486  -3.640  -80.022  21.762 0.0000000000
112487  -3.620  -79.569  21.210 0.0000000000
112488  -3.481  -80.519  21.347 0.0000000000
112489  -3.414  -81.000  20.878 0.0000000000
112490  -3.431  -81.487  20.332 0.0000000000
112491  -4.279  -84.788  18.966 0.0000000000
112492  -4.019  -84.106  18.969 0.0000000000
112493  -4.280  -84.543  18.342 0.0000000000
112494  -4.387  -84.233  17.768 0.0000000000
112495  -4.543  -83.969  17.250 0.0000000000
112496  -4.784  -83.722  16.738 0.0000000000
112497  -4.786  -84.501  16.551 0.0000000000
112498  -4.903  -85.128  15.811 0.0000000000
112499  -4.640  -85.881  14.959 0.0000000000
112500  -5.925  -90.447  17.033 0.0000000000
112501  -5.611  -89.763  17.392 0.0000000000
112502  -5.389  -90.566  17.108 0.0000000000
112503  -4.824  -90.635  17.100 0.0000000000
112504  -4.281  -90.583  16.828 0.0000000000
112505  -3.659  -92.560  13.409 0.0000000000
112506  -3.522  -91.836  14.244 0.0000000000
112507  -3.416  -91.676  13.433 0.0000000000
112508  -3.312  -90.806  13.299 0.0000000000
112509  -3.352  -89.937  13.321 0.0000000000
112510  -3.517  -89.075  13.264 0.0000000000
112511  -3.321  -89.642  12.420 0.0000000000
112512  -3.302  -89.343  11.593 0.0000000000
112513  -3.343  -89.081  10.857 0.0000000000
112514  -3.450  -88.837  10.280 0.0000000000
112515  -3.514  -89.714  9.935 0.0000000000
112516  -3.879  -90.337  9.247 0.0000000000
112517  -4.348  -91.005  8.723 0.0000000000
117814  -8.847  -73.703  18.727 0.0000000000
117815  -8.732  -73.240  18.290 0.0000000000
117816  -7.951  -73.359  18.593 0.0000000000
117817  -7.148  -73.042  18.411 0.0000000000
117818  -6.371  -72.759  18.209 0.0000000000
117819  -5.768  -73.411  19.123 0.0000000000
117820  -5.688  -72.951  18.526 0.0000000000
117821  -5.636  -72.538  17.923 0.0000000000
117822  -5.008  -72.514  17.518 0.0000000000
117823  -4.471  -72.677  17.116 0.0000000000
117824  -4.022  -72.969  16.679 0.0000000000
117825  -3.788  -73.373  16.189 0.0000000000
117826  -3.855  -73.696  16.798 0.0000000000
117827  -3.773  -74.492  16.970 0.0000000000
117828  -3.795  -75.321  17.149 0.0000000000
117829  -3.785  -75.118  18.338 0.0000000000
117830  -3.833  -75.629  17.811 0.0000000000
117831  -3.944  -76.152  17.324 0.0000000000
117832  -4.230  -76.968  17.525 0.0000000000
117833  -4.515  -77.836  17.801 0.0000000000
117834  -4.720  -78.747  18.086 0.0000000000
117857  -10.842  -91.299  14.527 0.0000000000
117858  -11.327  -91.745  13.934 0.0000000000
117859  -11.236  -92.304  12.930 0.0000000000
117860  -11.146  -93.093  12.084 0.0000000000
117862  -11.666  -93.881  11.814 0.0000000000
117863  -11.145  -93.950  11.402 0.0000000000
117864  -11.055  -94.929  10.919 0.0000000000
120342  -16.884  -75.538  20.601 0.0000000000
120343  -16.145  -76.182  20.021 0.0000000000
120344  -15.379  -76.627  19.530 0.0000000000
120345  -14.563  -76.754  19.165 0.0000000000
120346  -14.623  -77.012  19.644 0.0000000000
120347  -13.864  -77.340  19.814 0.0000000000
120348  -13.134  -77.605  20.082 0.0000000000
120349  -13.935  -77.635  20.881 0.0000000000
120350  -13.193  -77.802  20.647 0.0000000000
120351  -12.456  -77.788  20.488 0.0000000000
120352  -11.728  -77.909  20.901 0.0000000000
120353  -11.029  -78.012  21.317 0.0000000000
120354  -10.366  -78.116  21.734 0.0000000000
126382  -19.976  -66.475  12.023 0.0000000000
126383  -19.938  -66.369  11.564 0.0000000000
126384  -19.370  -66.865  11.204 0.0000000000
126385  -18.794  -67.229  10.252 0.0000000000
126386  -18.367  -67.553  9.273 0.0000000000
126387  -17.639  -67.662  9.418 0.0000000000
126388  -17.860  -67.756  8.817 0.0000000000
126389  -18.124  -67.876  8.330 0.0000000000
126406  -19.374  -70.544  16.387 0.0000000000
126407  -18.594  -70.421  15.837 0.0000000000
126408  -17.865  -71.202  15.783 0.0000000000
126409  -17.772  -70.668  15.610 0.0000000000
126410  -17.725  -70.161  15.467 0.0000000000
126411  -16.879  -69.798  15.302 0.0000000000
126412  -16.166  -69.349  15.241 0.0000000000
126413  -15.456  -68.876  15.087 0.0000000000
126414  -8.634  -69.314  13.746 0.0000000000
126415  -9.440  -69.145  13.658 0.0000000000
126416  -8.592  -68.904  13.114 0.0000000000
126417  -8.563  -68.493  12.406 0.0000000000
126418  -8.560  -68.151  11.635 0.0000000000
126419  -7.096  -68.448  11.045 0.0000000000
126420  -7.860  -68.130  10.859 0.0000000000
126421  -8.689  -67.923  10.861 0.0000000000
126422  -8.883  -67.804  10.076 0.0000000000
126445  -4.376  -79.606  12.978 0.0000000000
126446  -4.719  -79.616  12.598 0.0000000000
126447  -4.810  -80.430  12.615 0.0000000000
126448  -5.224  -81.199  12.278 0.0000000000
126449  -5.707  -82.058  12.074 0.0000000000
126450  -5.233  -82.654  12.269 0.0000000000
126451  -5.633  -82.768  12.057 0.0000000000
126460  -5.723  -86.463  10.179 0.0000000000
126477  -10.883  -81.698  31.156 0.0000000000
126478  -11.407  -81.360  30.458 0.0000000000
126479  -10.414  -81.475  30.591 0.0000000000
126480  -9.974  -81.149  30.011 0.0000000000
126481  -9.606  -80.796  29.506 0.0000000000
126482  -8.280  -81.192  30.374 0.0000000000
126483  -8.755  -80.776  29.655 0.0000000000
126484  -9.261  -80.407  29.010 0.0000000000
126485  -9.011  -80.060  28.513 0.0000000000
126486  -8.946  -79.680  27.938 0.0000000000
126487  -8.890  -79.455  27.344 0.0000000000
126488  -8.876  -79.290  26.740 0.0000000000
126489  -8.157  -79.576  27.401 0.0000000000
126490  -7.464  -79.734  27.421 0.0000000000
126491  -6.748  -79.799  27.363 0.0000000000
126492  -6.105  -80.429  28.686 0.0000000000
126493  -6.098  -80.069  28.015 0.0000000000
126494  -6.108  -79.771  27.282 0.0000000000
126495  -5.488  -79.712  27.143 0.0000000000
126496  -5.078  -79.752  26.907 0.0000000000
126497  -4.693  -79.924  26.535 0.0000000000
126517  -6.796  -86.561  25.786 0.0000000000
126518  -6.409  -85.875  25.975 0.0000000000
126519  -6.021  -85.197  26.060 0.0000000000
126520  -5.598  -84.533  26.119 0.0000000000
126521  -5.920  -84.589  25.334 0.0000000000
126522  -5.669  -84.093  24.624 0.0000000000
126523  -5.307  -83.652  23.934 0.0000000000
126524  -6.179  -84.286  22.890 0.0000000000
126525  -5.496  -83.823  23.093 0.0000000000
126526  -4.888  -83.407  23.306 0.0000000000
126527  -4.491  -83.282  22.905 0.0000000000
126528  -4.127  -83.182  22.455 0.0000000000
126529  -3.850  -83.066  21.955 0.0000000000
126530  -3.623  -82.996  21.418 0.0000000000
126531  -3.962  -83.590  21.270 0.0000000000
126532  -4.111  -84.061  20.677 0.0000000000
126533  -4.274  -84.485  20.126 0.0000000000
126534  -5.149  -85.021  20.202 0.0000000000
126535  -4.740  -85.007  19.955 0.0000000000
126536  -4.425  -84.963  19.567 0.0000000000
126537  -4.575  -85.478  18.880 0.0000000000
126538  -4.632  -86.092  18.249 0.0000000000
126539  -4.480  -86.786  17.609 0.0000000000
126540  -5.406  -93.351  14.747 0.0000000000
126541  -4.922  -92.832  15.362 0.0000000000
126542  -4.878  -93.393  14.698 0.0000000000
126543  -4.507  -93.447  14.366 0.0000000000
126544  -4.163  -93.412  13.866 0.0000000000
126545  -4.728  -94.752  12.787 0.0000000000
126546  -4.387  -94.045  13.036 0.0000000000
126547  -3.984  -93.316  13.235 0.0000000000
126548  -3.963  -93.124  12.565 0.0000000000
126549  -3.993  -92.847  11.782 0.0000000000
126550  -4.057  -92.526  10.959 0.0000000000
126551  -4.165  -92.287  10.141 0.0000000000
126552  -4.608  -93.103  10.375 0.0000000000
126553  -5.093  -93.553  9.821 0.0000000000
126554  -5.552  -93.923  9.316 0.0000000000
126555  -5.503  -94.839  9.723 0.0000000000
126556  -5.791  -94.511  9.251 0.0000000000
126557  -6.145  -94.276  8.813 0.0000000000
130263  -16.248  -76.273  23.519 0.0000000000
135726  -20.551  -65.915  12.887 0.0000000000
135727  -20.020  -66.492  12.484 0.0000000000
135728  -19.385  -66.936  12.102 0.0000000000
135729  -18.669  -67.178  11.887 0.0000000000
135730  -19.449  -66.980  13.040 0.0000000000
135731  -18.649  -67.138  12.337 0.0000000000
135732  -17.968  -67.348  11.696 0.0000000000
135733  -17.301  -67.453  11.446 0.0000000000
135734  -16.648  -67.505  11.150 0.0000000000
135735  -16.090  -67.576  10.953 0.0000000000
135736  -14.636  -72.896  16.615 0.0000000000
135737  -14.672  -72.360  16.406 0.0000000000
135738  -13.900  -72.364  16.767 0.0000000000
135739  -13.296  -71.897  16.809 0.0000000000
135740  -12.554  -71.475  16.638 0.0000000000
135741  -11.778  -72.063  17.253 0.0000000000
135742  -11.787  -71.590  16.793 0.0000000000
135743  -11.798  -71.089  16.321 0.0000000000
135744  -11.095  -70.760  15.874 0.0000000000
135745  -10.364  -70.492  15.401 0.0000000000
135746  -9.508  -70.178  14.894 0.0000000000
135747  -8.682  -72.761  17.797 0.0000000000
135748  -8.695  -72.319  17.258 0.0000000000
135749  -8.729  -71.888  16.741 0.0000000000
135750  -7.090  -71.750  16.638 0.0000000000
135751  -7.937  -71.599  16.378 0.0000000000
135752  -8.780  -71.423  16.214 0.0000000000
135753  -8.775  -70.919  15.629 0.0000000000
135754  -8.717  -70.401  14.998 0.0000000000
135755  -8.638  -69.857  14.381 0.0000000000
135756  -7.825  -69.601  13.866 0.0000000000
135757  -6.998  -69.464  13.388 0.0000000000
135758  -6.136  -69.402  12.936 0.0000000000
135759  -5.404  -70.211  14.010 0.0000000000
135760  -5.360  -69.833  13.281 0.0000000000
135761  -5.345  -69.490  12.492 0.0000000000
135762  -4.712  -69.861  12.063 0.0000000000
135769  -3.248  -73.277  13.139 0.0000000000
135770  -3.298  -74.140  12.779 0.0000000000
135771  -3.524  -75.174  12.469 0.0000000000
135772  -3.522  -76.090  12.631 0.0000000000
135773  -3.597  -76.952  12.803 0.0000000000
135774  -3.725  -77.849  13.047 0.0000000000
135775  -3.487  -73.999  15.625 0.0000000000
135776  -3.288  -74.685  15.131 0.0000000000
135777  -3.222  -75.425  14.690 0.0000000000
135778  -3.719  -76.424  15.454 0.0000000000
135779  -3.464  -76.321  14.854 0.0000000000
135780  -3.298  -76.244  14.275 0.0000000000
135781  -3.470  -77.095  13.925 0.0000000000
135782  -3.649  -77.946  13.625 0.0000000000
135783  -3.915  -78.767  13.328 0.0000000000
135784  -4.150  -79.622  13.498 0.0000000000
135785  -4.286  -80.418  13.543 0.0000000000
135786  -4.358  -81.150  13.551 0.0000000000
135787  -4.534  -80.503  14.769 0.0000000000
135788  -4.454  -81.202  14.150 0.0000000000
135789  -4.425  -81.878  13.537 0.0000000000
135790  -4.508  -82.628  13.504 0.0000000000
135791  -4.461  -83.324  13.266 0.0000000000
135792  -4.391  -84.197  12.955 0.0000000000
135819  -7.311  -82.774  32.415 0.0000000000
135820  -6.659  -82.960  32.470 0.0000000000
135821  -6.011  -83.135  32.286 0.0000000000
135848  -8.289  -87.589  20.334 0.0000000000
135849  -7.923  -87.294  19.621 0.0000000000
135850  -7.439  -87.180  18.933 0.0000000000
135851  -6.993  -87.230  18.542 0.0000000000
135852  -7.208  -87.817  18.168 0.0000000000
135853  -6.916  -88.582  17.621 0.0000000000
135854  -6.702  -89.418  17.266 0.0000000000
135855  -7.812  -89.819  16.878 0.0000000000
135856  -7.166  -90.052  16.851 0.0000000000
135857  -6.481  -90.291  17.009 0.0000000000
135858  -6.341  -91.099  16.540 0.0000000000
135859  -6.174  -91.917  16.046 0.0000000000
135860  -6.065  -92.674  15.387 0.0000000000
135861  -10.158  -91.406  14.193 0.0000000000
135862  -9.386  -91.625  14.036 0.0000000000
135863  -8.615  -91.983  14.072 0.0000000000
135864  -9.022  -92.945  12.545 0.0000000000
135865  -8.383  -92.583  13.364 0.0000000000
135866  -7.872  -92.359  14.229 0.0000000000
135867  -7.166  -92.693  14.420 0.0000000000
135868  -6.535  -93.013  14.582 0.0000000000
135869  -5.957  -93.232  14.726 0.0000000000
135870  -5.895  -93.793  14.055 0.0000000000
135871  -5.838  -94.498  13.386 0.0000000000
135872  -5.820  -95.240  12.739 0.0000000000
135873  -6.851  -95.430  12.053 0.0000000000
135874  -6.236  -95.765  12.135 0.0000000000
135875  -5.745  -95.982  12.094 0.0000000000
135876  -5.752  -96.663  11.498 0.0000000000
135877  -5.744  -97.349  10.874 0.0000000000
135878  -5.813  -97.977  10.178 0.0000000000
135879  -5.878  -98.389  9.584 0.0000000000
135880  -6.110  -98.479  9.967 0.0000000000
142401  -19.367  -71.668  17.287 0.0000000000
142404  -18.684  -72.197  16.851 0.0000000000
142405  -17.880  -72.619  16.564 0.0000000000
142406  -17.075  -72.945  16.442 0.0000000000
142407  -16.254  -73.190  16.450 0.0000000000
142429  -17.782  -74.231  18.513 0.0000000000
142430  -17.796  -74.005  18.067 0.0000000000
142431  -17.872  -73.691  17.675 0.0000000000
142432  -17.136  -73.776  17.086 0.0000000000
142433  -16.265  -73.662  16.717 0.0000000000
142434  -15.414  -73.353  16.564 0.0000000000
142435  -14.594  -73.406  16.835 0.0000000000
142436  -13.826  -73.417  17.189 0.0000000000
142437  -13.104  -73.430  17.593 0.0000000000
142438  -13.664  -74.511  17.635 0.0000000000
142439  -13.017  -74.002  17.809 0.0000000000
142440  -12.413  -73.485  17.978 0.0000000000
142441  -11.751  -73.509  18.330 0.0000000000
142442  -11.035  -73.591  18.578 0.0000000000
142443  -10.291  -73.742  18.762 0.0000000000
142444  -13.727  -76.633  18.893 0.0000000000
142445  -12.931  -76.250  18.788 0.0000000000
142446  -12.180  -75.750  18.869 0.0000000000
142447  -11.464  -76.429  19.541 0.0000000000
142448  -11.459  -75.806  19.244 0.0000000000
142449  -11.517  -75.188  18.999 0.0000000000
142450  -10.926  -74.643  19.154 0.0000000000
142451  -10.273  -74.234  19.120 0.0000000000
142452  -9.583  -73.952  18.941 0.0000000000
142453  -8.885  -74.136  19.176 0.0000000000
142454  -8.173  -74.280  19.484 0.0000000000
142455  -7.464  -74.412  19.847 0.0000000000
142456  -8.310  -75.319  20.261 0.0000000000
142457  -7.618  -74.964  20.262 0.0000000000
142458  -6.802  -74.617  20.233 0.0000000000
142459  -6.192  -74.952  20.614 0.0000000000
142460  -5.653  -75.364  20.974 0.0000000000
142461  -5.176  -75.820  21.255 0.0000000000
158047  -19.936  -66.322  11.060 0.0000000000
158048  -19.916  -66.278  10.557 0.0000000000
158049  -19.982  -66.327  10.066 0.0000000000
158050  -19.289  -67.273  8.696 0.0000000000
158051  -19.683  -66.843  9.123 0.0000000000
158104  -19.205  -69.251  15.605 0.0000000000
158105  -19.933  -68.931  15.975 0.0000000000
158106  -20.635  -68.467  16.462 0.0000000000
158107  -20.622  -68.178  16.086 0.0000000000
158108  -20.592  -67.842  15.763 0.0000000000
158109  -20.522  -67.622  15.340 0.0000000000
158110  -19.702  -67.609  14.696 0.0000000000
158111  -18.904  -67.488  14.146 0.0000000000
158112  -18.134  -67.366  13.680 0.0000000000
158113  -17.476  -67.540  14.127 0.0000000000
158114  -17.477  -67.348  13.692 0.0000000000
158115  -17.407  -67.254  13.166 0.0000000000
158116  -16.674  -67.227  12.527 0.0000000000
158117  -16.020  -67.467  11.729 0.0000000000
158118  -15.489  -67.619  10.716 0.0000000000
158119  -14.736  -71.796  16.203 0.0000000000
158120  -14.766  -71.201  15.994 0.0000000000
158121  -14.729  -70.583  15.827 0.0000000000
158122  -13.264  -70.290  15.806 0.0000000000
158123  -13.994  -70.140  15.697 0.0000000000
158124  -14.763  -70.048  15.593 0.0000000000
158125  -14.780  -69.504  15.331 0.0000000000
158126  -14.754  -68.945  15.094 0.0000000000
158127  -14.724  -68.395  14.809 0.0000000000
158128  -10.229  -68.910  13.689 0.0000000000
158129  -10.989  -68.677  13.797 0.0000000000
158130  -11.762  -68.465  13.962 0.0000000000
158131  -11.047  -68.002  12.597 0.0000000000
158132  -11.818  -68.082  13.409 0.0000000000
158133  -12.575  -68.267  14.159 0.0000000000
158134  -13.289  -68.135  14.248 0.0000000000
158135  -13.974  -68.000  14.370 0.0000000000
158136  -14.665  -67.874  14.498 0.0000000000
158137  -14.639  -67.541  13.985 0.0000000000
158138  -14.631  -67.315  13.418 0.0000000000
158139  -14.629  -67.331  12.738 0.0000000000
158140  -13.376  -67.584  11.748 0.0000000000
158141  -14.054  -67.510  11.881 0.0000000000
158142  -14.658  -67.447  12.030 0.0000000000
158143  -14.733  -67.578  11.282 0.0000000000
158144  -14.864  -67.657  10.444 0.0000000000
158145  -15.023  -67.701  9.594 0.0000000000
158146  -14.609  -67.728  8.473 0.0000000000
158209  -5.120  -79.624  12.328 0.0000000000
158279  -16.385  -76.357  24.126 0.0000000000
158280  -15.531  -76.777  23.623 0.0000000000
158289  -16.184  -78.429  27.784 0.0000000000
158290  -11.972  -81.014  29.814 0.0000000000
158291  -12.569  -80.617  29.235 0.0000000000
158292  -13.175  -80.196  28.739 0.0000000000
158293  -11.749  -80.189  28.222 0.0000000000
158294  -12.753  -80.037  28.244 0.0000000000
158295  -13.789  -79.775  28.314 0.0000000000
158296  -14.392  -79.279  27.963 0.0000000000
158297  -15.167  -78.764  27.582 0.0000000000
158298  -15.933  -78.222  27.237 0.0000000000
158299  -15.717  -78.047  26.644 0.0000000000
158300  -15.420  -77.897  26.186 0.0000000000
158301  -15.240  -77.663  25.585 0.0000000000
158302  -13.470  -78.402  25.686 0.0000000000
158303  -14.287  -77.953  25.309 0.0000000000
158304  -15.066  -77.469  25.018 0.0000000000
158305  -14.897  -77.332  24.449 0.0000000000
158306  -14.797  -77.239  23.881 0.0000000000
158307  -14.701  -77.189  23.292 0.0000000000
158308  -13.913  -77.635  23.044 0.0000000000
158309  -13.176  -77.987  22.869 0.0000000000
158310  -12.470  -78.250  22.740 0.0000000000
158311  -11.689  -78.471  23.878 0.0000000000
158312  -11.709  -78.479  23.275 0.0000000000
158313  -11.753  -78.446  22.636 0.0000000000
158314  -11.066  -78.538  22.591 0.0000000000
158315  -10.389  -78.470  22.483 0.0000000000
158316  -9.753  -78.325  22.314 0.0000000000
158317  -8.897  -79.230  26.117 0.0000000000
158318  -8.933  -79.078  25.519 0.0000000000
158319  -8.938  -78.967  24.953 0.0000000000
158320  -7.576  -79.189  25.444 0.0000000000
158321  -8.302  -79.044  24.912 0.0000000000
158322  -8.988  -78.889  24.346 0.0000000000
158323  -9.069  -78.777  23.636 0.0000000000
158324  -9.127  -78.508  22.885 0.0000000000
158325  -9.161  -78.082  22.123 0.0000000000
158326  -8.567  -77.749  22.046 0.0000000000
158327  -7.965  -77.361  21.986 0.0000000000
158328  -7.320  -76.961  21.942 0.0000000000
158329  -6.796  -77.760  23.099 0.0000000000
158330  -6.743  -77.240  22.438 0.0000000000
158331  -6.621  -76.670  21.886 0.0000000000
158332  -5.971  -76.464  21.815 0.0000000000
158333  -5.325  -76.376  21.655 0.0000000000
158334  -4.698  -76.384  21.404 0.0000000000
158360  -5.941  -83.714  32.618 0.0000000000
158361  -5.494  -83.333  32.019 0.0000000000
158383  -5.306  -85.834  30.665 0.0000000000
158384  -5.237  -85.467  31.432 0.0000000000
158385  -5.326  -85.062  31.971 0.0000000000
158386  -5.144  -84.334  31.869 0.0000000000
158387  -5.042  -83.628  31.698 0.0000000000
158388  -5.068  -82.894  31.423 0.0000000000
158389  -4.735  -82.551  30.786 0.0000000000
158390  -4.477  -82.096  29.985 0.0000000000
158391  -4.336  -81.684  29.118 0.0000000000
158392  -4.166  -82.833  28.790 0.0000000000
158393  -4.159  -82.097  28.617 0.0000000000
158394  -4.260  -81.264  28.247 0.0000000000
158395  -4.248  -80.895  27.501 0.0000000000
158396  -4.300  -80.575  26.815 0.0000000000
158397  -4.380  -80.175  26.058 0.0000000000
158398  -5.175  -83.886  26.108 0.0000000000
158399  -4.819  -83.279  26.015 0.0000000000
158400  -4.504  -82.683  25.917 0.0000000000
158401  -4.342  -82.558  24.612 0.0000000000
158402  -4.359  -82.313  25.200 0.0000000000
158403  -4.240  -82.020  25.821 0.0000000000
158404  -4.192  -81.295  25.661 0.0000000000
158405  -4.312  -80.496  25.496 0.0000000000
158406  -4.594  -79.756  25.300 0.0000000000
158407  -4.724  -79.374  24.557 0.0000000000
158408  -4.785  -78.998  23.833 0.0000000000
158409  -4.749  -78.592  23.153 0.0000000000
158410  -4.186  -79.589  23.047 0.0000000000
158411  -4.359  -78.847  22.844 0.0000000000
158412  -4.612  -78.143  22.614 0.0000000000
158413  -4.526  -77.671  22.085 0.0000000000
158414  -4.355  -77.134  21.613 0.0000000000
158415  -4.181  -76.597  21.125 0.0000000000
158416  -3.816  -76.830  20.755 0.0000000000
158417  -3.637  -77.155  20.329 0.0000000000
158418  -3.628  -77.538  19.870 0.0000000000
158419  -3.637  -79.027  20.641 0.0000000000
158420  -3.658  -78.508  20.039 0.0000000000
158421  -3.854  -78.043  19.498 0.0000000000
158422  -4.119  -78.618  19.118 0.0000000000
158423  -4.460  -79.239  18.783 0.0000000000
158424  -4.744  -79.849  18.385 0.0000000000
158425  -3.515  -82.733  20.811 0.0000000000
158426  -3.417  -82.385  20.189 0.0000000000
158427  -3.521  -82.053  19.675 0.0000000000
158428  -3.829  -83.360  18.957 0.0000000000
158429  -3.693  -82.558  19.080 0.0000000000
158430  -3.761  -81.687  19.190 0.0000000000
158431  -4.131  -81.273  18.780 0.0000000000
158432  -4.548  -80.902  18.420 0.0000000000
158433  -4.947  -80.500  17.855 0.0000000000
158434  -5.121  -81.149  17.254 0.0000000000
158435  -5.137  -81.785  16.458 0.0000000000
158436  -5.010  -82.403  15.691 0.0000000000
158437  -4.982  -83.480  16.158 0.0000000000
158438  -4.990  -83.249  15.550 0.0000000000
158439  -4.883  -83.017  14.941 0.0000000000
158440  -4.753  -83.688  14.208 0.0000000000
158441  -4.499  -84.462  13.429 0.0000000000
158442  -4.235  -85.084  12.634 0.0000000000
158443  -6.516  -87.306  18.376 0.0000000000
158444  -6.030  -87.423  18.244 0.0000000000
158445  -5.583  -87.639  18.250 0.0000000000
158446  -5.377  -89.051  17.642 0.0000000000
158447  -5.224  -88.399  17.911 0.0000000000
158448  -5.095  -87.770  18.186 0.0000000000
158449  -4.650  -87.772  17.971 0.0000000000
158450  -4.323  -87.620  17.521 0.0000000000
158451  -4.267  -87.310  16.935 0.0000000000
158452  -4.477  -92.149  15.875 0.0000000000
158453  -4.119  -91.324  16.239 0.0000000000
158454  -3.860  -90.510  16.427 0.0000000000
158455  -3.489  -91.142  15.048 0.0000000000
158456  -3.572  -90.417  15.822 0.0000000000
158457  -3.787  -89.636  16.417 0.0000000000
158458  -3.795  -88.721  16.368 0.0000000000
158459  -4.040  -87.909  16.293 0.0000000000
158460  -4.326  -87.086  16.296 0.0000000000
158461  -4.420  -86.886  15.538 0.0000000000
158462  -4.412  -86.720  14.822 0.0000000000
158463  -4.360  -86.575  14.088 0.0000000000
158464  -3.714  -88.107  13.332 0.0000000000
158465  -3.989  -87.254  13.305 0.0000000000
158466  -4.242  -86.398  13.448 0.0000000000
158467  -4.086  -86.194  12.842 0.0000000000
158468  -3.993  -85.926  12.318 0.0000000000
158469  -3.999  -85.689  11.744 0.0000000000
158470  -3.902  -86.363  10.967 0.0000000000
158471  -3.989  -86.953  10.311 0.0000000000
158472  -4.194  -87.599  9.725 0.0000000000
158473  -3.742  -88.638  9.736 0.0000000000
158474  -4.122  -88.468  9.351 0.0000000000
158475  -4.590  -88.305  9.093 0.0000000000
158476  -5.136  -89.016  8.554 0.0000000000
158477  -5.799  -89.706  8.086 0.0000000000
158479  -4.313  -92.050  9.457 0.0000000000
158480  -4.529  -91.850  8.895 0.0000000000
158481  -4.872  -91.647  8.405 0.0000000000
158482  -5.913  -92.812  8.373 0.0000000000
158483  -5.548  -92.183  8.133 0.0000000000
158484  -5.344  -91.452  7.993 0.0000000000
158485  -5.941  -91.243  7.683 0.0000000000
