#!ascii label  , from subject fsaverage vox2ras=TkReg 
1102
149  -31.615  -5.402  -33.482 0.0000000000
150  -22.234  -21.661  -22.614 0.0000000000
337  -27.605  1.985  -38.563 0.0000000000
603  -22.211  -7.389  -31.368 0.0000000000
604  -21.329  -14.038  -30.226 0.0000000000
1343  -25.115  -5.977  -31.645 0.0000000000
1346  -20.471  -14.189  -26.838 0.0000000000
1372  -32.162  -9.796  -31.811 0.0000000000
1759  -30.797  -1.179  -36.400 0.0000000000
2444  -26.484  0.945  -30.102 0.0000000000
2445  -24.548  -0.500  -32.891 0.0000000000
2446  -25.200  -3.195  -34.625 0.0000000000
2447  -26.040  -6.870  -34.264 0.0000000000
2448  -23.273  -12.742  -28.804 0.0000000000
2449  -20.278  -9.815  -30.439 0.0000000000
2450  -27.104  -10.846  -33.069 0.0000000000
2451  -28.616  -14.734  -31.386 0.0000000000
3292  -31.808  -7.587  -32.515 0.0000000000
3892  -29.378  0.653  -37.698 0.0000000000
5444  -31.979  -2.538  -24.363 0.0000000000
5466  -28.323  -1.597  -27.602 0.0000000000
5467  -26.489  -1.727  -28.988 0.0000000000
5468  -25.207  0.473  -31.512 0.0000000000
5469  -25.105  -2.154  -30.154 0.0000000000
5470  -23.468  -6.654  -31.752 0.0000000000
5471  -23.531  -3.973  -32.494 0.0000000000
5472  -23.347  -5.428  -33.208 0.0000000000
5473  -25.668  -4.981  -34.635 0.0000000000
5474  -23.023  -6.953  -33.142 0.0000000000
5478  -19.524  -13.558  -27.987 0.0000000000
5479  -19.704  -11.293  -28.118 0.0000000000
5480  -20.258  -11.662  -30.071 0.0000000000
5481  -22.939  -10.635  -32.758 0.0000000000
5482  -23.959  -12.747  -32.622 0.0000000000
5483  -27.746  -12.709  -32.326 0.0000000000
5484  -25.229  -14.905  -32.176 0.0000000000
6079  -26.102  3.326  -38.556 0.0000000000
7028  -23.827  -9.413  -30.852 0.0000000000
7031  -22.386  -17.251  -25.689 0.0000000000
7032  -20.163  -15.876  -26.443 0.0000000000
7033  -20.295  -15.740  -28.223 0.0000000000
7034  -23.054  -16.394  -30.357 0.0000000000
7078  -32.697  -12.319  -31.182 0.0000000000
7945  -31.452  -3.260  -34.735 0.0000000000
9888  -30.319  -1.815  -26.310 0.0000000000
9889  -28.429  1.022  -28.578 0.0000000000
9891  -26.312  2.769  -34.244 0.0000000000
9892  -25.668  1.785  -35.625 0.0000000000
9893  -26.123  0.533  -36.283 0.0000000000
9894  -24.089  -2.851  -31.394 0.0000000000
9895  -24.700  -1.693  -34.052 0.0000000000
9896  -27.257  -0.638  -35.929 0.0000000000
9897  -28.274  -2.144  -35.118 0.0000000000
9898  -28.727  -4.088  -34.330 0.0000000000
9899  -29.012  -6.013  -33.498 0.0000000000
9902  -22.042  -9.731  -29.888 0.0000000000
9903  -21.536  -13.030  -27.634 0.0000000000
9904  -20.546  -10.150  -28.707 0.0000000000
9905  -20.997  -8.395  -30.951 0.0000000000
9906  -22.624  -8.706  -32.870 0.0000000000
9907  -26.396  -8.817  -33.790 0.0000000000
9908  -29.417  -8.127  -32.621 0.0000000000
9909  -29.811  -10.109  -31.919 0.0000000000
9910  -30.349  -12.161  -31.156 0.0000000000
9911  -31.200  -14.399  -30.395 0.0000000000
9912  -26.713  -16.890  -31.089 0.0000000000
9913  -29.650  -16.770  -30.170 0.0000000000
9914  -32.148  -16.754  -29.710 0.0000000000
10946  -21.921  -20.093  -23.859 0.0000000000
10947  -21.588  -20.772  -23.577 0.0000000000
10968  -32.541  -4.461  -34.325 0.0000000000
10970  -32.574  -5.681  -33.712 0.0000000000
10971  -32.600  -6.848  -33.214 0.0000000000
10972  -31.743  -6.468  -32.940 0.0000000000
11568  -27.694  2.926  -39.757 0.0000000000
11570  -28.590  2.200  -39.619 0.0000000000
11571  -29.567  1.375  -39.244 0.0000000000
11572  -28.540  1.309  -38.169 0.0000000000
13146  -28.313  -3.096  -28.860 0.0000000000
13147  -27.418  -3.297  -29.520 0.0000000000
13148  -25.775  -1.907  -29.555 0.0000000000
13149  -26.693  -3.488  -30.050 0.0000000000
13150  -22.801  -6.907  -31.574 0.0000000000
13151  -23.050  -5.849  -32.229 0.0000000000
13152  -22.629  -6.427  -32.332 0.0000000000
13153  -23.189  -6.187  -33.182 0.0000000000
13154  -22.302  -7.019  -32.269 0.0000000000
13158  -20.044  -13.700  -28.948 0.0000000000
13159  -19.697  -12.460  -28.924 0.0000000000
13160  -20.650  -12.852  -30.117 0.0000000000
13161  -21.856  -12.256  -31.440 0.0000000000
13162  -22.449  -13.325  -31.469 0.0000000000
13163  -24.557  -13.801  -32.409 0.0000000000
13164  -23.266  -14.548  -31.423 0.0000000000
15553  -24.900  -9.315  -31.054 0.0000000000
15557  -23.527  -18.651  -25.109 0.0000000000
15559  -20.803  -17.147  -25.668 0.0000000000
15560  -20.307  -16.836  -26.334 0.0000000000
15561  -19.854  -15.657  -27.205 0.0000000000
15562  -20.362  -16.778  -27.305 0.0000000000
15563  -20.942  -16.876  -28.311 0.0000000000
15637  -32.431  -11.043  -31.477 0.0000000000
17437  -31.218  -2.193  -35.490 0.0000000000
22156  -31.497  -3.209  -25.555 0.0000000000
22157  -30.748  -3.011  -26.577 0.0000000000
22158  -27.118  -0.122  -28.380 0.0000000000
22159  -28.152  -0.110  -27.736 0.0000000000
22160  -27.411  1.049  -29.322 0.0000000000
22164  -26.519  1.819  -32.232 0.0000000000
22165  -24.825  0.046  -32.225 0.0000000000
22166  -25.551  1.109  -33.600 0.0000000000
22167  -25.334  0.529  -34.283 0.0000000000
22168  -25.778  1.145  -36.071 0.0000000000
22169  -25.360  -0.038  -34.833 0.0000000000
22170  -25.941  -5.618  -31.379 0.0000000000
22171  -25.254  -3.966  -31.010 0.0000000000
22172  -24.658  -4.341  -31.386 0.0000000000
22173  -24.020  -3.493  -33.604 0.0000000000
22174  -23.950  -2.763  -33.119 0.0000000000
22175  -24.962  -2.406  -34.428 0.0000000000
22176  -25.982  -1.345  -35.315 0.0000000000
22177  -26.336  -2.021  -35.213 0.0000000000
22178  -27.866  -1.340  -35.558 0.0000000000
22179  -26.725  -2.830  -35.043 0.0000000000
22180  -25.904  -5.926  -34.475 0.0000000000
22181  -27.192  -4.676  -34.587 0.0000000000
22182  -27.392  -5.627  -34.281 0.0000000000
22183  -28.847  -5.004  -33.932 0.0000000000
22184  -27.548  -6.529  -33.934 0.0000000000
22190  -24.269  -12.734  -29.370 0.0000000000
22191  -23.398  -11.169  -29.958 0.0000000000
22192  -22.429  -11.132  -29.326 0.0000000000
22193  -21.655  -15.120  -26.753 0.0000000000
22194  -22.353  -14.747  -27.243 0.0000000000
22195  -20.937  -13.554  -27.184 0.0000000000
22196  -19.701  -10.396  -29.075 0.0000000000
22197  -20.031  -10.557  -28.256 0.0000000000
22198  -20.104  -9.726  -29.409 0.0000000000
22199  -20.685  -9.204  -29.796 0.0000000000
22200  -20.598  -9.006  -30.706 0.0000000000
22201  -21.345  -8.501  -31.855 0.0000000000
22202  -21.170  -9.280  -31.644 0.0000000000
22203  -25.200  -10.975  -33.469 0.0000000000
22204  -24.800  -9.942  -33.665 0.0000000000
22205  -26.755  -9.837  -33.493 0.0000000000
22206  -27.970  -8.575  -33.201 0.0000000000
22207  -28.266  -9.497  -32.732 0.0000000000
22208  -29.588  -9.051  -32.276 0.0000000000
22209  -28.463  -10.409  -32.413 0.0000000000
22210  -28.150  -13.694  -31.880 0.0000000000
22211  -29.119  -12.468  -31.621 0.0000000000
22212  -29.518  -13.507  -31.164 0.0000000000
22213  -30.738  -13.241  -30.799 0.0000000000
22214  -29.932  -14.546  -30.753 0.0000000000
22216  -24.919  -16.759  -31.046 0.0000000000
22217  -25.585  -17.770  -30.701 0.0000000000
22220  -30.081  -17.786  -29.605 0.0000000000
22221  -30.819  -16.715  -29.857 0.0000000000
22222  -31.393  -17.862  -29.480 0.0000000000
24310  -23.005  -19.082  -24.573 0.0000000000
24358  -31.969  -8.693  -32.157 0.0000000000
25437  -30.504  0.531  -38.640 0.0000000000
25438  -30.150  -0.244  -37.092 0.0000000000
28270  -29.933  -2.968  -27.397 0.0000000000
28271  -29.171  -3.011  -28.111 0.0000000000
28272  -27.416  -1.637  -28.309 0.0000000000
28273  -26.177  -0.286  -29.110 0.0000000000
28274  -25.753  0.764  -30.760 0.0000000000
28275  -25.352  -0.486  -29.818 0.0000000000
28276  -24.800  -0.770  -30.454 0.0000000000
28277  -24.288  -1.160  -31.201 0.0000000000
28278  -24.273  -6.260  -31.763 0.0000000000
28279  -24.049  -4.812  -31.789 0.0000000000
28280  -23.470  -5.265  -32.052 0.0000000000
28281  -23.432  -4.668  -32.920 0.0000000000
28282  -24.152  -4.323  -33.933 0.0000000000
28283  -25.503  -4.046  -34.693 0.0000000000
28284  -24.233  -5.167  -34.046 0.0000000000
28285  -24.248  -6.067  -33.996 0.0000000000
28286  -24.289  -6.982  -33.918 0.0000000000
28292  -19.670  -13.639  -27.273 0.0000000000
28293  -19.973  -12.791  -27.452 0.0000000000
28294  -19.486  -12.399  -28.052 0.0000000000
28295  -19.593  -11.328  -28.991 0.0000000000
28296  -20.078  -10.625  -30.150 0.0000000000
28297  -21.117  -10.186  -31.546 0.0000000000
28298  -21.239  -11.149  -31.422 0.0000000000
28299  -23.343  -11.690  -32.749 0.0000000000
28300  -25.601  -11.969  -33.233 0.0000000000
28301  -27.369  -11.724  -32.747 0.0000000000
28302  -26.112  -12.956  -32.875 0.0000000000
28303  -26.609  -13.904  -32.407 0.0000000000
28304  -27.082  -14.824  -32.002 0.0000000000
29544  -26.735  3.734  -39.679 0.0000000000
29545  -26.708  2.631  -38.656 0.0000000000
31757  -25.540  -7.539  -31.656 0.0000000000
31758  -24.494  -7.773  -31.520 0.0000000000
31759  -23.587  -8.005  -31.224 0.0000000000
31760  -22.823  -8.178  -30.912 0.0000000000
31764  -22.789  -16.736  -26.269 0.0000000000
31765  -21.207  -15.653  -26.304 0.0000000000
31766  -21.888  -17.766  -25.241 0.0000000000
31767  -20.924  -16.354  -25.965 0.0000000000
31768  -20.183  -14.996  -26.572 0.0000000000
31769  -19.601  -14.637  -27.176 0.0000000000
31770  -19.782  -14.656  -28.101 0.0000000000
31771  -20.635  -14.898  -29.114 0.0000000000
31772  -22.074  -15.174  -30.266 0.0000000000
31773  -21.386  -16.012  -29.266 0.0000000000
31876  -32.956  -13.403  -30.986 0.0000000000
34183  -31.555  -4.290  -34.155 0.0000000000
39900  -32.123  -3.464  -24.204 0.0000000000
39901  -31.178  -2.071  -25.528 0.0000000000
39902  -30.162  -0.542  -26.423 0.0000000000
39903  -29.350  -1.676  -26.950 0.0000000000
39904  -29.133  -0.249  -27.064 0.0000000000
39905  -29.405  0.894  -27.828 0.0000000000
39912  -25.935  1.573  -32.955 0.0000000000
39913  -25.862  2.380  -34.949 0.0000000000
39915  -25.822  2.519  -37.224 0.0000000000
39916  -26.191  1.894  -37.447 0.0000000000
39917  -26.895  1.322  -37.428 0.0000000000
39918  -25.926  -3.639  -30.510 0.0000000000
39919  -24.553  -2.477  -30.814 0.0000000000
39920  -23.992  -1.569  -31.902 0.0000000000
39921  -23.752  -3.344  -31.902 0.0000000000
39922  -23.924  -2.130  -32.503 0.0000000000
39923  -24.560  -1.070  -33.615 0.0000000000
39924  -25.603  -0.668  -35.191 0.0000000000
39925  -26.675  -0.035  -36.199 0.0000000000
39926  -27.698  0.791  -37.098 0.0000000000
39927  -28.484  0.180  -36.630 0.0000000000
39928  -29.134  -0.611  -36.118 0.0000000000
39929  -29.607  -1.470  -35.575 0.0000000000
39930  -27.002  -3.719  -34.833 0.0000000000
39931  -28.522  -3.093  -34.728 0.0000000000
39932  -29.960  -2.531  -34.938 0.0000000000
39933  -30.177  -3.519  -34.386 0.0000000000
39934  -30.315  -4.529  -33.830 0.0000000000
39935  -30.439  -5.601  -33.307 0.0000000000
39942  -24.475  -11.022  -30.423 0.0000000000
39943  -22.927  -9.554  -30.407 0.0000000000
39944  -22.014  -8.380  -30.506 0.0000000000
39946  -23.050  -14.399  -27.862 0.0000000000
39947  -22.189  -12.803  -28.198 0.0000000000
39948  -20.352  -11.994  -27.667 0.0000000000
39949  -20.876  -11.396  -28.027 0.0000000000
39950  -21.524  -11.178  -28.539 0.0000000000
39951  -21.140  -9.851  -29.261 0.0000000000
39952  -21.256  -8.709  -30.132 0.0000000000
39953  -21.562  -7.819  -31.118 0.0000000000
39954  -21.818  -7.745  -32.087 0.0000000000
39955  -22.793  -7.808  -33.023 0.0000000000
39956  -24.393  -7.963  -33.851 0.0000000000
39957  -22.699  -9.658  -32.827 0.0000000000
39958  -24.474  -8.933  -33.745 0.0000000000
39959  -26.157  -7.849  -34.052 0.0000000000
39960  -27.748  -7.509  -33.563 0.0000000000
39961  -29.213  -7.052  -33.070 0.0000000000
39962  -30.574  -6.660  -32.838 0.0000000000
39963  -30.702  -7.730  -32.448 0.0000000000
39964  -30.857  -8.751  -32.095 0.0000000000
39965  -31.060  -9.791  -31.746 0.0000000000
39966  -28.755  -11.399  -32.019 0.0000000000
39967  -30.079  -11.166  -31.521 0.0000000000
39968  -31.345  -10.883  -31.315 0.0000000000
39969  -31.692  -12.033  -30.954 0.0000000000
39970  -32.022  -13.287  -30.650 0.0000000000
39971  -32.413  -14.484  -30.427 0.0000000000
39972  -24.011  -15.607  -31.285 0.0000000000
39973  -26.019  -15.907  -31.699 0.0000000000
39974  -27.587  -15.792  -31.418 0.0000000000
39975  -27.453  -17.907  -30.481 0.0000000000
39976  -28.293  -16.841  -30.682 0.0000000000
39977  -29.107  -15.704  -30.740 0.0000000000
39978  -30.499  -15.684  -30.205 0.0000000000
39979  -31.731  -15.668  -29.955 0.0000000000
39980  -32.830  -15.733  -30.245 0.0000000000
40908  -22.514  -22.462  -21.957 0.0000000000
41666  -22.171  -20.910  -23.175 0.0000000000
41667  -21.779  -21.125  -23.074 0.0000000000
41669  -21.652  -21.561  -22.978 0.0000000000
41688  -32.092  -4.951  -33.921 0.0000000000
41689  -32.562  -5.085  -34.014 0.0000000000
41690  -32.072  -5.495  -33.624 0.0000000000
41691  -32.095  -6.024  -33.343 0.0000000000
41692  -31.674  -5.962  -33.191 0.0000000000
42288  -27.553  2.492  -39.200 0.0000000000
42289  -28.160  2.532  -39.723 0.0000000000
42290  -28.039  2.139  -39.085 0.0000000000
42291  -28.541  1.777  -38.921 0.0000000000
42292  -28.090  1.656  -38.403 0.0000000000
43868  -27.047  -3.392  -29.794 0.0000000000
43870  -22.514  -7.172  -31.474 0.0000000000
43871  -22.619  -6.626  -31.889 0.0000000000
43872  -22.389  -6.891  -31.834 0.0000000000
43873  -22.476  -6.713  -32.312 0.0000000000
43874  -22.149  -7.169  -31.772 0.0000000000
43878  -20.524  -13.786  -29.540 0.0000000000
43879  -20.287  -13.212  -29.483 0.0000000000
43880  -20.983  -13.491  -30.190 0.0000000000
43881  -21.504  -13.115  -30.772 0.0000000000
43882  -21.819  -13.720  -30.775 0.0000000000
43883  -22.795  -13.910  -31.443 0.0000000000
43884  -22.160  -14.229  -30.828 0.0000000000
46281  -20.228  -16.766  -26.771 0.0000000000
46357  -32.314  -10.449  -31.648 0.0000000000
48153  -31.108  -0.759  -37.050 0.0000000000
48155  -31.371  -1.222  -36.595 0.0000000000
48156  -31.567  -1.700  -36.124 0.0000000000
48157  -31.021  -1.669  -35.956 0.0000000000
52878  -26.722  0.478  -29.129 0.0000000000
52879  -27.220  0.521  -28.791 0.0000000000
52880  -26.940  1.006  -29.676 0.0000000000
52881  -27.281  1.494  -30.364 0.0000000000
52884  -26.487  1.372  -31.092 0.0000000000
52885  -24.633  -0.237  -32.597 0.0000000000
52886  -25.091  0.326  -33.242 0.0000000000
52887  -24.989  0.052  -33.584 0.0000000000
52888  -25.329  0.241  -34.572 0.0000000000
52889  -24.942  -0.252  -33.934 0.0000000000
52890  -25.548  -5.781  -31.523 0.0000000000
52891  -25.307  -4.983  -31.384 0.0000000000
52892  -24.925  -5.160  -31.534 0.0000000000
52893  -24.590  -3.339  -34.215 0.0000000000
52894  -24.437  -2.948  -34.017 0.0000000000
52895  -25.070  -2.791  -34.533 0.0000000000
52896  -25.614  -2.250  -34.911 0.0000000000
52897  -25.786  -2.661  -34.927 0.0000000000
52898  -26.530  -2.405  -35.140 0.0000000000
52899  -25.963  -3.032  -34.900 0.0000000000
52900  -25.991  -6.412  -34.351 0.0000000000
52901  -26.638  -5.769  -34.435 0.0000000000
52902  -26.703  -6.242  -34.317 0.0000000000
52903  -27.476  -6.060  -34.093 0.0000000000
52904  -26.816  -6.710  -34.195 0.0000000000
52908  -24.389  -13.581  -28.874 0.0000000000
52910  -23.791  -12.803  -29.146 0.0000000000
52911  -23.305  -11.978  -29.399 0.0000000000
52912  -22.858  -12.017  -29.029 0.0000000000
52913  -21.030  -14.599  -26.756 0.0000000000
52914  -21.328  -14.381  -26.949 0.0000000000
52915  -20.706  -13.871  -26.955 0.0000000000
52916  -19.927  -10.038  -29.707 0.0000000000
52917  -19.903  -10.019  -29.228 0.0000000000
52918  -20.110  -9.694  -29.865 0.0000000000
52919  -20.364  -9.376  -30.041 0.0000000000
52920  -20.404  -9.453  -30.570 0.0000000000
52921  -20.735  -9.119  -31.126 0.0000000000
52922  -20.666  -9.565  -31.044 0.0000000000
52923  -26.257  -10.958  -33.424 0.0000000000
52924  -26.070  -10.490  -33.527 0.0000000000
52925  -26.919  -10.363  -33.254 0.0000000000
52926  -27.544  -9.685  -33.143 0.0000000000
52927  -27.693  -10.143  -32.927 0.0000000000
52928  -28.366  -9.966  -32.608 0.0000000000
52929  -27.866  -10.658  -32.716 0.0000000000
52930  -28.411  -14.230  -31.641 0.0000000000
52931  -28.855  -13.611  -31.525 0.0000000000
52932  -29.054  -14.060  -31.280 0.0000000000
52933  -29.666  -13.963  -31.022 0.0000000000
52934  -29.281  -14.572  -31.040 0.0000000000
52936  -24.741  -17.679  -30.487 0.0000000000
52941  -30.817  -17.822  -29.462 0.0000000000
55878  -21.445  -19.917  -24.207 0.0000000000
55879  -21.580  -19.583  -24.325 0.0000000000
55953  -32.222  -7.177  -32.836 0.0000000000
55954  -32.653  -7.475  -32.975 0.0000000000
55955  -32.291  -7.817  -32.622 0.0000000000
55956  -32.373  -8.389  -32.443 0.0000000000
55957  -31.870  -8.191  -32.335 0.0000000000
57753  -29.483  1.039  -38.494 0.0000000000
57754  -30.059  0.972  -38.987 0.0000000000
57755  -29.928  0.617  -38.227 0.0000000000
57756  -30.357  0.180  -37.928 0.0000000000
57757  -29.769  0.228  -37.410 0.0000000000
62410  -32.237  -2.696  -23.817 0.0000000000
62412  -31.982  -2.040  -24.591 0.0000000000
62414  -31.614  -1.836  -25.042 0.0000000000
62478  -27.371  -2.425  -28.864 0.0000000000
62479  -27.830  -2.393  -28.529 0.0000000000
62480  -26.951  -1.688  -28.656 0.0000000000
62481  -26.738  -0.886  -28.597 0.0000000000
62482  -26.232  -1.003  -28.954 0.0000000000
62483  -25.769  -0.360  -29.462 0.0000000000
62484  -25.881  -1.112  -29.240 0.0000000000
62485  -25.453  -2.043  -29.853 0.0000000000
62486  -25.172  -1.335  -29.877 0.0000000000
62487  -24.864  -1.487  -30.221 0.0000000000
62488  -24.519  -0.944  -30.812 0.0000000000
62489  -24.595  -1.638  -30.570 0.0000000000
62490  -23.921  -6.459  -31.791 0.0000000000
62491  -23.762  -5.771  -31.843 0.0000000000
62492  -23.452  -5.947  -31.916 0.0000000000
62493  -23.076  -5.624  -32.692 0.0000000000
62494  -23.203  -5.255  -32.600 0.0000000000
62495  -23.417  -5.052  -33.081 0.0000000000
62496  -23.702  -4.457  -33.405 0.0000000000
62497  -23.738  -4.876  -33.569 0.0000000000
62498  -24.200  -4.738  -34.009 0.0000000000
62499  -23.710  -5.273  -33.643 0.0000000000
62500  -23.103  -6.567  -33.156 0.0000000000
62501  -23.655  -6.112  -33.618 0.0000000000
62502  -23.626  -6.550  -33.585 0.0000000000
62503  -24.274  -6.531  -33.977 0.0000000000
62504  -23.591  -6.956  -33.529 0.0000000000
62513  -19.538  -13.559  -27.598 0.0000000000
62514  -19.565  -13.041  -27.668 0.0000000000
62515  -19.528  -12.999  -28.024 0.0000000000
62516  -19.904  -12.013  -29.425 0.0000000000
62517  -19.612  -11.868  -28.980 0.0000000000
62518  -19.817  -11.448  -29.446 0.0000000000
62519  -19.828  -11.005  -29.531 0.0000000000
62520  -20.153  -11.114  -30.114 0.0000000000
62521  -20.610  -10.875  -30.752 0.0000000000
62522  -20.697  -11.354  -30.735 0.0000000000
62523  -22.830  -12.504  -32.102 0.0000000000
62524  -22.467  -11.933  -32.142 0.0000000000
62525  -23.709  -12.233  -32.693 0.0000000000
62526  -24.552  -11.924  -33.132 0.0000000000
62527  -24.902  -12.505  -33.054 0.0000000000
62528  -25.856  -12.457  -33.085 0.0000000000
62529  -25.064  -12.919  -32.922 0.0000000000
62530  -24.912  -14.345  -32.307 0.0000000000
62531  -25.471  -13.903  -32.628 0.0000000000
62532  -25.949  -14.429  -32.367 0.0000000000
62533  -26.831  -14.365  -32.204 0.0000000000
62534  -26.224  -14.904  -32.138 0.0000000000
64955  -26.339  3.538  -39.136 0.0000000000
64956  -26.716  3.171  -39.213 0.0000000000
64957  -26.379  2.949  -38.647 0.0000000000
69698  -25.008  -7.646  -31.623 0.0000000000
69699  -25.269  -8.429  -31.361 0.0000000000
69700  -24.366  -9.370  -30.966 0.0000000000
69701  -24.219  -8.629  -31.162 0.0000000000
69702  -23.758  -8.733  -31.022 0.0000000000
69703  -23.178  -8.058  -31.085 0.0000000000
69704  -23.279  -8.794  -30.841 0.0000000000
69710  -22.455  -16.933  -25.991 0.0000000000
69711  -22.010  -16.202  -26.253 0.0000000000
69712  -21.713  -16.441  -26.056 0.0000000000
69714  -22.382  -18.439  -24.905 0.0000000000
69716  -20.487  -16.567  -26.064 0.0000000000
69717  -20.856  -16.813  -25.793 0.0000000000
69718  -20.548  -16.097  -26.151 0.0000000000
69719  -20.562  -15.715  -26.262 0.0000000000
69720  -20.146  -15.425  -26.465 0.0000000000
69722  -19.836  -15.245  -26.798 0.0000000000
69723  -19.983  -15.656  -27.672 0.0000000000
69724  -19.744  -15.144  -27.643 0.0000000000
69725  -20.029  -15.240  -28.124 0.0000000000
69726  -20.109  -14.797  -28.554 0.0000000000
69727  -20.429  -15.269  -28.672 0.0000000000
69728  -20.788  -15.334  -29.072 0.0000000000
69729  -20.728  -15.876  -28.708 0.0000000000
69731  -21.514  -17.011  -28.843 0.0000000000
69952  -32.817  -12.825  -31.088 0.0000000000
75348  -31.888  -2.740  -35.231 0.0000000000
75350  -31.975  -3.258  -34.887 0.0000000000
75351  -32.049  -3.829  -34.539 0.0000000000
75352  -31.505  -3.787  -34.427 0.0000000000
89508  -30.909  -2.557  -26.041 0.0000000000
89509  -31.343  -2.713  -25.476 0.0000000000
89510  -30.766  -1.937  -25.942 0.0000000000
89511  -30.683  -1.328  -25.991 0.0000000000
89512  -30.208  -1.141  -26.310 0.0000000000
89513  -29.135  -2.309  -27.466 0.0000000000
89514  -29.602  -2.347  -27.111 0.0000000000
89515  -28.832  -1.677  -27.264 0.0000000000
89516  -28.220  0.557  -28.157 0.0000000000
89517  -28.633  -0.158  -27.406 0.0000000000
89518  -28.744  0.460  -27.751 0.0000000000
89519  -29.222  0.342  -27.420 0.0000000000
89520  -28.911  0.985  -28.227 0.0000000000
89522  -28.677  1.488  -29.164 0.0000000000
89535  -25.442  0.675  -31.164 0.0000000000
89536  -25.859  1.152  -31.806 0.0000000000
89537  -25.603  0.996  -32.147 0.0000000000
89538  -25.599  1.470  -34.685 0.0000000000
89539  -25.709  1.734  -34.385 0.0000000000
89540  -25.732  2.093  -35.298 0.0000000000
89541  -25.803  2.780  -35.820 0.0000000000
89542  -25.755  2.504  -36.155 0.0000000000
89543  -25.762  2.840  -36.992 0.0000000000
89544  -25.764  2.182  -36.436 0.0000000000
89545  -25.913  0.834  -36.201 0.0000000000
89546  -25.987  1.526  -36.867 0.0000000000
89547  -26.233  1.201  -36.890 0.0000000000
89548  -26.521  1.592  -37.478 0.0000000000
89549  -26.520  0.897  -36.869 0.0000000000
89551  -26.755  -4.320  -30.550 0.0000000000
89552  -26.402  -4.446  -30.806 0.0000000000
89553  -24.594  -3.367  -31.124 0.0000000000
89554  -24.881  -3.213  -30.864 0.0000000000
89555  -24.297  -2.652  -31.124 0.0000000000
89556  -24.135  -1.996  -31.235 0.0000000000
89557  -23.992  -2.198  -31.553 0.0000000000
89558  -23.623  -4.312  -32.137 0.0000000000
89559  -23.846  -4.036  -31.872 0.0000000000
89560  -23.618  -3.644  -32.232 0.0000000000
89561  -24.284  -2.243  -33.561 0.0000000000
89562  -23.922  -2.450  -32.828 0.0000000000
89563  -24.221  -1.917  -33.305 0.0000000000
89564  -24.179  -1.585  -33.044 0.0000000000
89565  -24.624  -1.373  -33.868 0.0000000000
89566  -25.096  -0.903  -34.432 0.0000000000
89567  -25.201  -1.217  -34.652 0.0000000000
89568  -26.665  -1.023  -35.644 0.0000000000
89569  -26.419  -0.687  -35.733 0.0000000000
89570  -26.982  -0.319  -36.088 0.0000000000
89571  -27.142  0.382  -36.623 0.0000000000
89572  -27.490  0.105  -36.433 0.0000000000
89573  -28.096  0.497  -36.870 0.0000000000
89574  -27.848  -0.193  -36.248 0.0000000000
89575  -28.099  -1.734  -35.346 0.0000000000
89576  -28.497  -0.975  -35.745 0.0000000000
89577  -28.749  -1.368  -35.508 0.0000000000
89578  -29.385  -1.030  -35.855 0.0000000000
89579  -28.954  -1.749  -35.279 0.0000000000
89580  -25.603  -4.515  -34.664 0.0000000000
89581  -26.241  -3.893  -34.835 0.0000000000
89582  -26.385  -4.382  -34.761 0.0000000000
89583  -27.966  -4.398  -34.431 0.0000000000
89584  -27.880  -3.910  -34.610 0.0000000000
89585  -28.641  -3.613  -34.518 0.0000000000
89586  -29.306  -2.763  -34.769 0.0000000000
89587  -29.403  -3.269  -34.541 0.0000000000
89588  -30.078  -3.033  -34.659 0.0000000000
89589  -29.486  -3.739  -34.305 0.0000000000
89590  -28.929  -5.500  -33.712 0.0000000000
89591  -29.634  -4.774  -33.837 0.0000000000
89592  -29.695  -5.265  -33.564 0.0000000000
89593  -30.366  -5.066  -33.587 0.0000000000
89594  -29.777  -5.773  -33.332 0.0000000000
89612  -24.855  -11.830  -30.079 0.0000000000
89613  -22.644  -10.427  -29.942 0.0000000000
89614  -23.143  -10.328  -30.237 0.0000000000
89615  -22.488  -9.611  -30.137 0.0000000000
89616  -22.416  -8.896  -30.420 0.0000000000
89617  -21.981  -9.024  -30.160 0.0000000000
89621  -21.893  -13.878  -27.438 0.0000000000
89622  -22.823  -14.592  -27.570 0.0000000000
89623  -22.284  -13.750  -27.729 0.0000000000
89624  -22.677  -13.573  -28.068 0.0000000000
89625  -21.937  -12.908  -27.950 0.0000000000
89626  -19.768  -12.072  -27.763 0.0000000000
89627  -20.186  -12.399  -27.537 0.0000000000
89628  -19.984  -11.560  -27.785 0.0000000000
89629  -20.238  -10.302  -28.416 0.0000000000
89630  -20.402  -10.873  -28.038 0.0000000000
89631  -20.647  -10.700  -28.247 0.0000000000
89632  -21.241  -11.248  -28.276 0.0000000000
89633  -21.008  -10.625  -28.532 0.0000000000
89634  -21.336  -10.521  -28.912 0.0000000000
89635  -20.808  -9.994  -28.998 0.0000000000
89636  -20.786  -8.709  -30.393 0.0000000000
89637  -20.951  -8.933  -30.008 0.0000000000
89638  -21.066  -8.467  -30.491 0.0000000000
89639  -21.359  -8.204  -30.591 0.0000000000
89640  -21.235  -8.085  -31.018 0.0000000000
89641  -21.566  -7.702  -31.566 0.0000000000
89642  -21.310  -8.043  -31.471 0.0000000000
89643  -21.888  -8.605  -32.395 0.0000000000
89644  -22.013  -8.175  -32.469 0.0000000000
89645  -22.661  -8.275  -32.948 0.0000000000
89646  -23.470  -7.859  -33.442 0.0000000000
89647  -23.516  -8.364  -33.398 0.0000000000
89648  -21.885  -10.413  -32.148 0.0000000000
89649  -21.831  -9.928  -32.152 0.0000000000
89650  -22.774  -10.111  -32.782 0.0000000000
89651  -25.663  -9.431  -33.793 0.0000000000
89652  -24.657  -9.456  -33.710 0.0000000000
89653  -25.535  -8.952  -33.915 0.0000000000
89654  -25.377  -8.470  -34.011 0.0000000000
89655  -26.294  -8.371  -33.925 0.0000000000
89656  -27.025  -7.761  -33.868 0.0000000000
89657  -27.151  -8.285  -33.661 0.0000000000
89658  -28.679  -8.292  -32.892 0.0000000000
89659  -28.563  -7.812  -33.046 0.0000000000
89660  -29.311  -7.586  -32.856 0.0000000000
89661  -29.911  -6.845  -32.898 0.0000000000
89662  -29.993  -7.355  -32.700 0.0000000000
89663  -30.633  -7.147  -32.633 0.0000000000
89664  -30.060  -7.835  -32.531 0.0000000000
89665  -29.685  -9.556  -32.113 0.0000000000
89666  -30.195  -8.838  -32.194 0.0000000000
89667  -30.303  -9.422  -31.976 0.0000000000
89668  -30.932  -9.220  -31.948 0.0000000000
89669  -30.455  -9.996  -31.743 0.0000000000
89670  -27.513  -12.193  -32.543 0.0000000000
89671  -28.094  -11.570  -32.326 0.0000000000
89672  -28.289  -12.094  -32.182 0.0000000000
89673  -29.749  -12.352  -31.333 0.0000000000
89674  -29.578  -11.808  -31.560 0.0000000000
89675  -30.223  -11.637  -31.346 0.0000000000
89676  -30.745  -10.985  -31.393 0.0000000000
89677  -30.916  -11.562  -31.185 0.0000000000
89678  -31.542  -11.508  -31.124 0.0000000000
89679  -31.100  -12.157  -30.991 0.0000000000
89680  -30.984  -13.900  -30.527 0.0000000000
89681  -31.456  -13.241  -30.662 0.0000000000
89682  -31.575  -13.686  -30.530 0.0000000000
89683  -32.211  -13.852  -30.526 0.0000000000
89684  -31.767  -14.277  -30.425 0.0000000000
89685  -22.568  -15.804  -30.295 0.0000000000
89686  -23.014  -15.443  -30.884 0.0000000000
89687  -23.547  -16.038  -30.792 0.0000000000
89688  -25.723  -16.843  -31.272 0.0000000000
89689  -25.428  -16.304  -31.413 0.0000000000
89690  -26.194  -16.316  -31.501 0.0000000000
89691  -26.857  -15.851  -31.564 0.0000000000
89692  -27.168  -16.401  -31.253 0.0000000000
89696  -29.329  -17.306  -30.078 0.0000000000
89697  -28.616  -17.373  -30.367 0.0000000000
89698  -29.054  -16.806  -30.338 0.0000000000
89699  -28.829  -16.324  -30.650 0.0000000000
89700  -29.397  -16.231  -30.373 0.0000000000
89701  -29.756  -15.641  -30.499 0.0000000000
89702  -30.042  -16.199  -30.236 0.0000000000
89703  -31.520  -16.733  -29.695 0.0000000000
89704  -31.261  -16.119  -29.920 0.0000000000
89705  -32.058  -16.326  -29.785 0.0000000000
89706  -32.270  -15.698  -30.110 0.0000000000
89707  -32.423  -16.155  -29.937 0.0000000000
89709  -32.605  -16.667  -29.750 0.0000000000
92025  -23.385  -22.699  -21.678 0.0000000000
93432  -21.765  -20.394  -23.675 0.0000000000
93473  -32.962  -5.341  -34.192 0.0000000000
93474  -32.981  -5.933  -33.925 0.0000000000
93475  -33.017  -6.529  -33.653 0.0000000000
93476  -32.603  -6.159  -33.487 0.0000000000
93477  -32.146  -6.611  -33.067 0.0000000000
93478  -31.773  -7.022  -32.714 0.0000000000
94554  -29.194  2.174  -40.020 0.0000000000
94555  -29.708  1.697  -39.867 0.0000000000
94556  -29.074  1.780  -39.455 0.0000000000
94557  -29.019  1.437  -38.737 0.0000000000
94558  -28.971  0.974  -37.932 0.0000000000
97392  -27.885  -3.177  -29.216 0.0000000000
97393  -26.920  -2.495  -29.186 0.0000000000
97394  -26.107  -1.791  -29.287 0.0000000000
97395  -26.590  -2.599  -29.454 0.0000000000
97396  -26.223  -2.668  -29.758 0.0000000000
97397  -25.849  -2.785  -30.047 0.0000000000
97398  -23.082  -6.799  -31.650 0.0000000000
97399  -23.147  -6.153  -31.938 0.0000000000
97400  -22.861  -6.398  -31.924 0.0000000000
97401  -22.795  -6.125  -32.300 0.0000000000
97402  -22.961  -5.956  -32.732 0.0000000000
97403  -23.300  -5.795  -33.246 0.0000000000
97404  -22.835  -6.291  -32.753 0.0000000000
97405  -22.689  -6.644  -32.738 0.0000000000
97406  -22.549  -6.981  -32.694 0.0000000000
97412  -19.728  -13.627  -28.464 0.0000000000
97413  -19.568  -13.065  -28.464 0.0000000000
97414  -19.822  -13.065  -28.885 0.0000000000
97415  -20.054  -12.617  -29.448 0.0000000000
97416  -20.372  -12.189  -30.025 0.0000000000
97417  -20.854  -11.891  -30.748 0.0000000000
97418  -21.129  -12.472  -30.694 0.0000000000
97419  -22.019  -12.770  -31.424 0.0000000000
97420  -23.185  -13.072  -32.083 0.0000000000
97421  -24.231  -13.311  -32.586 0.0000000000
97422  -23.484  -13.640  -32.028 0.0000000000
97423  -23.892  -14.182  -31.954 0.0000000000
97424  -24.236  -14.714  -31.864 0.0000000000
101726  -24.634  -10.146  -30.766 0.0000000000
101731  -22.957  -17.939  -25.394 0.0000000000
101734  -20.736  -17.589  -25.567 0.0000000000
101735  -20.475  -16.957  -25.958 0.0000000000
101736  -20.206  -16.366  -26.387 0.0000000000
101737  -19.955  -15.742  -26.784 0.0000000000
101738  -20.088  -16.264  -26.856 0.0000000000
101739  -20.099  -16.214  -27.310 0.0000000000
101740  -20.276  -16.248  -27.768 0.0000000000
101741  -20.691  -16.365  -28.275 0.0000000000
101742  -20.619  -16.843  -27.846 0.0000000000
101875  -32.554  -11.659  -31.311 0.0000000000
105114  -31.749  -2.221  -35.643 0.0000000000
105115  -31.376  -2.700  -35.095 0.0000000000
113610  -31.135  -3.100  -26.107 0.0000000000
113611  -30.476  -2.437  -26.437 0.0000000000
113612  -27.675  -0.841  -27.907 0.0000000000
113613  -28.156  -0.862  -27.571 0.0000000000
113614  -27.659  -0.106  -28.048 0.0000000000
113615  -27.723  0.550  -28.473 0.0000000000
113616  -27.929  1.046  -28.942 0.0000000000
113624  -26.477  2.299  -33.278 0.0000000000
113625  -25.005  0.268  -31.861 0.0000000000
113626  -25.382  0.815  -32.538 0.0000000000
113627  -25.208  0.566  -32.924 0.0000000000
113628  -25.430  0.833  -33.987 0.0000000000
113629  -25.564  1.160  -34.975 0.0000000000
113630  -25.692  1.466  -35.892 0.0000000000
113631  -25.567  0.826  -35.235 0.0000000000
113632  -25.617  0.488  -35.468 0.0000000000
113633  -25.742  0.208  -35.632 0.0000000000
113634  -26.363  -5.454  -31.201 0.0000000000
113635  -26.038  -4.598  -30.991 0.0000000000
113636  -25.663  -4.767  -31.187 0.0000000000
113637  -24.955  -4.125  -31.191 0.0000000000
113638  -24.287  -3.583  -31.363 0.0000000000
113639  -23.678  -3.705  -33.015 0.0000000000
113640  -23.661  -3.349  -32.753 0.0000000000
113641  -23.975  -3.126  -33.386 0.0000000000
113642  -24.346  -2.581  -33.795 0.0000000000
113643  -24.805  -2.033  -34.241 0.0000000000
113644  -25.326  -1.563  -34.754 0.0000000000
113645  -25.470  -1.899  -34.843 0.0000000000
113646  -26.159  -1.672  -35.265 0.0000000000
113647  -26.890  -1.339  -35.533 0.0000000000
113648  -27.571  -0.978  -35.747 0.0000000000
113649  -27.109  -1.650  -35.405 0.0000000000
113650  -27.339  -2.078  -35.245 0.0000000000
113651  -27.551  -2.536  -35.079 0.0000000000
113652  -25.782  -5.432  -34.571 0.0000000000
113653  -26.509  -4.902  -34.668 0.0000000000
113654  -26.576  -5.366  -34.558 0.0000000000
113655  -27.285  -5.153  -34.441 0.0000000000
113656  -28.021  -4.911  -34.224 0.0000000000
113657  -28.799  -4.532  -34.153 0.0000000000
113658  -28.093  -5.346  -34.068 0.0000000000
113659  -28.172  -5.825  -33.909 0.0000000000
113660  -28.261  -6.267  -33.685 0.0000000000
113671  -24.382  -11.925  -29.923 0.0000000000
113672  -23.814  -11.935  -29.668 0.0000000000
113673  -22.913  -11.191  -29.655 0.0000000000
113674  -22.187  -10.474  -29.621 0.0000000000
113675  -22.555  -15.763  -26.772 0.0000000000
113676  -22.751  -15.497  -27.039 0.0000000000
113677  -21.976  -14.917  -26.983 0.0000000000
113678  -21.685  -14.128  -27.188 0.0000000000
113679  -21.258  -13.306  -27.403 0.0000000000
113680  -19.633  -10.765  -28.537 0.0000000000
113681  -19.788  -10.852  -28.133 0.0000000000
113682  -19.757  -10.366  -28.602 0.0000000000
113683  -19.929  -10.110  -28.794 0.0000000000
113684  -20.217  -9.876  -28.979 0.0000000000
113685  -20.538  -9.629  -29.196 0.0000000000
113686  -20.414  -9.440  -29.575 0.0000000000
113687  -20.582  -9.056  -30.249 0.0000000000
113688  -20.780  -8.696  -30.811 0.0000000000
113689  -21.085  -8.408  -31.362 0.0000000000
113690  -20.892  -8.723  -31.238 0.0000000000
113691  -21.245  -8.902  -31.737 0.0000000000
113692  -21.779  -9.014  -32.309 0.0000000000
113693  -24.057  -10.881  -33.251 0.0000000000
113694  -23.956  -10.394  -33.301 0.0000000000
113695  -24.973  -10.452  -33.569 0.0000000000
113696  -25.825  -9.957  -33.655 0.0000000000
113697  -26.519  -9.262  -33.655 0.0000000000
113698  -27.265  -8.766  -33.507 0.0000000000
113699  -27.402  -9.265  -33.315 0.0000000000
113700  -28.131  -9.074  -32.960 0.0000000000
113701  -28.820  -8.807  -32.673 0.0000000000
113702  -29.521  -8.618  -32.425 0.0000000000
113703  -28.929  -9.268  -32.489 0.0000000000
113704  -29.023  -9.746  -32.314 0.0000000000
113705  -29.149  -10.258  -32.146 0.0000000000
113706  -27.919  -13.179  -32.102 0.0000000000
113707  -28.459  -12.605  -31.994 0.0000000000
113708  -28.662  -13.112  -31.778 0.0000000000
113709  -29.328  -12.965  -31.397 0.0000000000
113710  -29.875  -12.836  -31.168 0.0000000000
113711  -30.554  -12.695  -30.972 0.0000000000
113712  -30.121  -13.385  -30.979 0.0000000000
113713  -30.322  -13.851  -30.774 0.0000000000
113714  -30.432  -14.377  -30.562 0.0000000000
113715  -23.441  -16.970  -30.216 0.0000000000
113716  -23.884  -16.562  -30.773 0.0000000000
113717  -24.447  -17.156  -30.685 0.0000000000
113718  -25.221  -17.263  -30.958 0.0000000000
113719  -26.341  -17.413  -30.917 0.0000000000
113724  -29.856  -17.193  -29.952 0.0000000000
113725  -30.245  -16.747  -30.013 0.0000000000
113726  -30.561  -17.295  -29.749 0.0000000000
113727  -31.241  -17.354  -29.563 0.0000000000
113728  -31.769  -17.281  -29.503 0.0000000000
113729  -32.274  -17.264  -29.570 0.0000000000
113730  -32.065  -17.916  -29.276 0.0000000000
118162  -23.819  -19.512  -24.502 0.0000000000
118167  -21.798  -19.294  -24.431 0.0000000000
118276  -32.066  -9.235  -31.979 0.0000000000
120791  -30.169  1.243  -39.573 0.0000000000
120792  -30.569  0.788  -39.265 0.0000000000
120794  -30.889  0.087  -38.223 0.0000000000
120795  -30.783  -0.291  -37.501 0.0000000000
120796  -30.522  -0.753  -36.744 0.0000000000
127404  -29.574  -2.983  -27.745 0.0000000000
127405  -28.715  -2.305  -27.803 0.0000000000
127406  -28.743  -3.050  -28.507 0.0000000000
127407  -28.269  -2.360  -28.218 0.0000000000
127408  -27.882  -1.592  -27.956 0.0000000000
127409  -27.203  -0.818  -28.267 0.0000000000
127410  -26.650  -0.214  -28.740 0.0000000000
127411  -26.244  0.398  -29.479 0.0000000000
127412  -26.111  0.859  -30.424 0.0000000000
127413  -25.859  0.314  -29.859 0.0000000000
127414  -25.516  0.202  -30.226 0.0000000000
127415  -25.166  0.065  -30.604 0.0000000000
127416  -25.528  -1.228  -29.539 0.0000000000
127417  -25.072  -0.614  -30.124 0.0000000000
127418  -24.877  -0.110  -30.912 0.0000000000
127419  -24.656  -0.286  -31.217 0.0000000000
127420  -24.473  -0.518  -31.636 0.0000000000
127421  -24.317  -0.745  -32.066 0.0000000000
127422  -24.702  -6.104  -31.730 0.0000000000
127423  -24.560  -5.355  -31.667 0.0000000000
127424  -24.130  -5.573  -31.767 0.0000000000
127425  -23.770  -5.015  -31.929 0.0000000000
127426  -23.497  -4.613  -32.291 0.0000000000
127427  -23.264  -5.581  -32.153 0.0000000000
127428  -23.355  -4.926  -32.453 0.0000000000
127429  -23.470  -4.310  -32.734 0.0000000000
127430  -23.668  -4.066  -33.207 0.0000000000
127431  -24.092  -3.872  -33.809 0.0000000000
127432  -24.656  -3.739  -34.313 0.0000000000
127433  -25.362  -3.603  -34.686 0.0000000000
127434  -24.733  -4.170  -34.375 0.0000000000
127435  -24.849  -4.619  -34.433 0.0000000000
127436  -24.887  -5.074  -34.415 0.0000000000
127437  -23.685  -5.705  -33.654 0.0000000000
127438  -24.249  -5.623  -34.029 0.0000000000
127439  -24.950  -5.545  -34.400 0.0000000000
127440  -25.041  -5.988  -34.348 0.0000000000
127441  -25.056  -6.423  -34.269 0.0000000000
127442  -25.121  -6.904  -34.195 0.0000000000
127453  -23.684  -13.594  -28.624 0.0000000000
127454  -19.959  -13.838  -26.982 0.0000000000
127455  -20.203  -13.473  -27.138 0.0000000000
127456  -19.851  -13.206  -27.356 0.0000000000
127457  -19.691  -12.574  -27.684 0.0000000000
127458  -19.569  -11.824  -28.061 0.0000000000
127459  -19.535  -12.386  -28.457 0.0000000000
127460  -19.492  -11.816  -28.530 0.0000000000
127461  -19.543  -11.233  -28.523 0.0000000000
127462  -19.615  -10.811  -29.007 0.0000000000
127463  -19.823  -10.467  -29.614 0.0000000000
127464  -20.161  -10.224  -30.247 0.0000000000
127465  -20.574  -10.041  -31.009 0.0000000000
127466  -20.555  -10.421  -30.866 0.0000000000
127467  -21.127  -10.602  -31.483 0.0000000000
127468  -22.064  -10.908  -32.135 0.0000000000
127469  -21.493  -11.647  -31.394 0.0000000000
127470  -22.299  -11.431  -32.127 0.0000000000
127471  -23.110  -11.126  -32.714 0.0000000000
127472  -24.338  -11.433  -33.228 0.0000000000
127473  -25.391  -11.496  -33.381 0.0000000000
127474  -26.418  -11.442  -33.223 0.0000000000
127475  -27.240  -11.297  -32.918 0.0000000000
127476  -26.591  -11.907  -33.055 0.0000000000
127477  -26.713  -12.332  -32.871 0.0000000000
127478  -26.979  -12.832  -32.621 0.0000000000
127479  -25.286  -13.397  -32.752 0.0000000000
127480  -26.367  -13.431  -32.701 0.0000000000
127481  -27.185  -13.349  -32.345 0.0000000000
127482  -27.459  -13.810  -32.192 0.0000000000
127483  -27.671  -14.305  -31.945 0.0000000000
127484  -27.948  -14.827  -31.648 0.0000000000
130661  -27.221  3.347  -39.741 0.0000000000
130662  -27.143  2.812  -39.236 0.0000000000
130663  -27.136  2.309  -38.634 0.0000000000
136657  -26.206  -6.455  -31.472 0.0000000000
136658  -25.750  -6.591  -31.616 0.0000000000
136667  -25.308  -6.745  -31.691 0.0000000000
136668  -24.852  -6.871  -31.721 0.0000000000
136669  -24.369  -7.011  -31.710 0.0000000000
136670  -23.929  -7.175  -31.657 0.0000000000
136671  -24.698  -8.540  -31.270 0.0000000000
136672  -24.057  -7.897  -31.370 0.0000000000
136673  -23.528  -7.315  -31.533 0.0000000000
136674  -23.152  -7.444  -31.358 0.0000000000
136675  -22.802  -7.583  -31.187 0.0000000000
136676  -22.443  -7.705  -31.089 0.0000000000
136684  -23.133  -16.511  -26.504 0.0000000000
136685  -22.200  -15.916  -26.495 0.0000000000
136686  -21.423  -15.410  -26.492 0.0000000000
136687  -20.783  -14.961  -26.574 0.0000000000
136688  -23.100  -18.818  -24.825 0.0000000000
136689  -22.561  -18.164  -25.131 0.0000000000
136690  -22.120  -17.493  -25.439 0.0000000000
136691  -21.271  -17.420  -25.426 0.0000000000
136692  -21.372  -17.095  -25.576 0.0000000000
136693  -21.582  -16.783  -25.802 0.0000000000
136694  -21.067  -16.032  -26.125 0.0000000000
136695  -20.629  -15.302  -26.371 0.0000000000
136696  -20.287  -14.579  -26.692 0.0000000000
136697  -19.921  -14.275  -26.915 0.0000000000
136698  -19.661  -14.139  -27.220 0.0000000000
136699  -19.513  -14.098  -27.640 0.0000000000
136700  -19.699  -15.144  -27.179 0.0000000000
136701  -19.628  -14.590  -27.591 0.0000000000
136702  -19.601  -14.100  -27.987 0.0000000000
136703  -19.851  -14.171  -28.458 0.0000000000
136704  -20.294  -14.294  -29.005 0.0000000000
136705  -20.960  -14.472  -29.608 0.0000000000
136706  -21.606  -14.614  -30.212 0.0000000000
136707  -21.206  -14.974  -29.653 0.0000000000
136708  -21.600  -15.571  -29.716 0.0000000000
136709  -22.060  -16.130  -29.744 0.0000000000
136710  -21.132  -16.439  -28.737 0.0000000000
136711  -21.600  -16.495  -29.184 0.0000000000
136712  -22.615  -16.787  -29.822 0.0000000000
143616  -32.086  -4.399  -34.218 0.0000000000
143617  -31.577  -4.844  -33.801 0.0000000000
160657  -32.301  -3.580  -23.434 0.0000000000
160658  -31.995  -2.998  -24.223 0.0000000000
160659  -31.845  -3.341  -24.891 0.0000000000
160660  -31.685  -2.868  -24.871 0.0000000000
160661  -31.642  -2.335  -24.933 0.0000000000
160662  -31.143  -1.560  -25.560 0.0000000000
160663  -30.648  -0.764  -26.050 0.0000000000
160664  -30.213  0.012  -26.615 0.0000000000
160665  -30.334  -2.979  -27.015 0.0000000000
160666  -30.052  -2.386  -26.765 0.0000000000
160667  -29.853  -1.730  -26.626 0.0000000000
160668  -28.670  -0.869  -27.259 0.0000000000
160669  -29.166  -0.929  -26.923 0.0000000000
160670  -29.687  -0.989  -26.628 0.0000000000
160671  -29.659  -0.363  -26.751 0.0000000000
160672  -29.703  0.220  -27.043 0.0000000000
160673  -29.891  0.767  -27.352 0.0000000000
160674  -29.641  1.321  -28.226 0.0000000000
160692  -26.150  1.292  -31.491 0.0000000000
160693  -26.227  1.715  -32.587 0.0000000000
160694  -26.174  2.125  -33.621 0.0000000000
160695  -25.713  1.354  -33.232 0.0000000000
160696  -25.910  1.939  -34.011 0.0000000000
160697  -26.049  2.629  -34.606 0.0000000000
160698  -25.955  3.038  -35.466 0.0000000000
160703  -25.899  2.959  -37.979 0.0000000000
160704  -25.827  1.843  -36.670 0.0000000000
160705  -25.968  2.202  -37.367 0.0000000000
160706  -26.100  2.644  -38.034 0.0000000000
160707  -26.433  2.300  -38.066 0.0000000000
160708  -26.829  1.976  -38.062 0.0000000000
160709  -27.233  1.728  -37.966 0.0000000000
160710  -27.134  -4.190  -30.314 0.0000000000
160711  -26.288  -3.546  -30.280 0.0000000000
160712  -25.502  -2.931  -30.329 0.0000000000
160713  -25.586  -3.788  -30.773 0.0000000000
160714  -25.188  -3.086  -30.588 0.0000000000
160715  -24.806  -2.303  -30.480 0.0000000000
160716  -24.345  -1.810  -30.941 0.0000000000
160717  -24.116  -1.355  -31.558 0.0000000000
160718  -24.245  -0.955  -32.415 0.0000000000
160719  -24.329  -4.602  -31.578 0.0000000000
160720  -24.056  -3.777  -31.606 0.0000000000
160721  -23.924  -3.071  -31.658 0.0000000000
160722  -23.701  -3.012  -32.477 0.0000000000
160723  -23.775  -2.710  -32.175 0.0000000000
160724  -23.884  -2.426  -31.857 0.0000000000
160725  -23.952  -1.825  -32.211 0.0000000000
160726  -24.187  -1.245  -32.746 0.0000000000
160727  -24.534  -0.772  -33.235 0.0000000000
160728  -25.006  -0.583  -34.204 0.0000000000
160729  -25.431  -0.346  -35.054 0.0000000000
160730  -25.902  -0.065  -35.739 0.0000000000
160731  -25.787  -1.009  -35.271 0.0000000000
160732  -26.114  -0.346  -35.790 0.0000000000
160733  -26.388  0.236  -36.260 0.0000000000
160734  -26.846  0.619  -36.807 0.0000000000
160735  -27.289  1.054  -37.298 0.0000000000
160736  -27.657  1.424  -37.844 0.0000000000
160737  -28.114  1.117  -37.668 0.0000000000
160738  -28.577  0.826  -37.429 0.0000000000
160739  -28.995  0.455  -37.117 0.0000000000
160740  -28.197  -0.568  -36.005 0.0000000000
160741  -28.844  -0.183  -36.380 0.0000000000
160742  -29.355  0.070  -36.842 0.0000000000
160743  -29.669  -0.343  -36.582 0.0000000000
160744  -29.991  -0.868  -36.305 0.0000000000
160745  -30.223  -1.337  -35.994 0.0000000000
160746  -26.118  -3.451  -34.859 0.0000000000
160747  -26.878  -3.280  -34.935 0.0000000000
160748  -27.703  -2.999  -34.913 0.0000000000
160749  -27.122  -4.181  -34.732 0.0000000000
160750  -27.790  -3.453  -34.764 0.0000000000
160751  -28.418  -2.591  -34.910 0.0000000000
160752  -29.154  -2.256  -35.013 0.0000000000
160753  -29.816  -2.000  -35.235 0.0000000000
160754  -30.416  -1.797  -35.663 0.0000000000
160755  -30.602  -2.300  -35.301 0.0000000000
160756  -30.713  -2.810  -34.959 0.0000000000
160757  -30.795  -3.337  -34.601 0.0000000000
160758  -29.557  -4.252  -34.072 0.0000000000
160759  -30.251  -4.008  -34.091 0.0000000000
160760  -30.873  -3.857  -34.239 0.0000000000
160761  -30.934  -4.363  -33.968 0.0000000000
160762  -30.983  -4.899  -33.684 0.0000000000
160763  -31.035  -5.456  -33.384 0.0000000000
160783  -24.998  -10.922  -30.533 0.0000000000
160784  -24.074  -10.229  -30.642 0.0000000000
160785  -23.918  -11.131  -30.235 0.0000000000
160786  -23.599  -10.265  -30.474 0.0000000000
160787  -23.457  -9.517  -30.634 0.0000000000
160788  -22.841  -8.824  -30.645 0.0000000000
160789  -22.365  -8.288  -30.682 0.0000000000
160790  -22.030  -7.880  -30.874 0.0000000000
160794  -23.274  -15.406  -27.323 0.0000000000
160795  -23.777  -15.288  -27.619 0.0000000000
160797  -23.606  -14.313  -28.141 0.0000000000
160798  -23.190  -13.617  -28.356 0.0000000000
160799  -22.707  -12.759  -28.506 0.0000000000
160800  -20.418  -13.095  -27.253 0.0000000000
160801  -20.669  -12.795  -27.459 0.0000000000
160802  -20.882  -12.471  -27.622 0.0000000000
160804  -20.578  -11.622  -27.786 0.0000000000
160805  -21.194  -12.200  -27.856 0.0000000000
160806  -21.492  -12.059  -28.088 0.0000000000
160807  -21.969  -12.019  -28.392 0.0000000000
160808  -22.354  -11.966  -28.719 0.0000000000
160809  -22.063  -11.238  -28.969 0.0000000000
160810  -21.721  -10.465  -29.288 0.0000000000
160811  -21.569  -9.768  -29.587 0.0000000000
160812  -20.884  -9.457  -29.448 0.0000000000
160813  -21.175  -9.288  -29.708 0.0000000000
160814  -21.566  -9.139  -29.927 0.0000000000
160815  -21.593  -8.552  -30.302 0.0000000000
160816  -21.651  -8.006  -30.694 0.0000000000
160817  -21.817  -7.588  -31.228 0.0000000000
160818  -21.859  -7.420  -31.667 0.0000000000
160819  -22.067  -7.406  -32.188 0.0000000000
160820  -22.379  -7.363  -32.633 0.0000000000
160821  -21.570  -8.121  -31.979 0.0000000000
160822  -22.168  -7.775  -32.539 0.0000000000
160823  -22.886  -7.384  -33.076 0.0000000000
160824  -23.547  -7.397  -33.482 0.0000000000
160825  -24.335  -7.465  -33.881 0.0000000000
160826  -25.152  -7.344  -34.141 0.0000000000
160827  -21.109  -9.701  -31.569 0.0000000000
160828  -21.770  -9.456  -32.204 0.0000000000
160829  -22.632  -9.179  -32.860 0.0000000000
160830  -23.754  -9.844  -33.316 0.0000000000
160831  -23.629  -9.307  -33.321 0.0000000000
160832  -23.554  -8.835  -33.366 0.0000000000
160833  -24.410  -8.447  -33.801 0.0000000000
160834  -25.266  -7.929  -34.081 0.0000000000
160835  -26.088  -7.381  -34.163 0.0000000000
160836  -26.932  -7.229  -34.071 0.0000000000
160837  -27.619  -7.007  -33.776 0.0000000000
160838  -28.369  -6.821  -33.475 0.0000000000
160839  -27.865  -8.047  -33.370 0.0000000000
160840  -28.476  -7.349  -33.237 0.0000000000
160841  -29.090  -6.530  -33.273 0.0000000000
160842  -29.845  -6.293  -33.119 0.0000000000
160843  -30.505  -6.136  -33.060 0.0000000000
160844  -31.131  -6.046  -33.040 0.0000000000
160845  -31.183  -6.553  -32.859 0.0000000000
160846  -31.247  -7.082  -32.667 0.0000000000
160847  -31.324  -7.566  -32.471 0.0000000000
160848  -30.128  -8.285  -32.381 0.0000000000
160849  -30.780  -8.269  -32.265 0.0000000000
160850  -31.351  -8.092  -32.277 0.0000000000
160851  -31.413  -8.658  -32.102 0.0000000000
160852  -31.512  -9.310  -31.904 0.0000000000
160853  -31.657  -9.851  -31.724 0.0000000000
160854  -27.949  -11.105  -32.526 0.0000000000
160855  -28.644  -10.911  -32.225 0.0000000000
160856  -29.281  -10.760  -31.968 0.0000000000
160857  -28.905  -11.942  -31.841 0.0000000000
160858  -29.448  -11.306  -31.729 0.0000000000
160859  -29.916  -10.623  -31.754 0.0000000000
160860  -30.599  -10.470  -31.563 0.0000000000
160861  -31.202  -10.359  -31.522 0.0000000000
160862  -31.781  -10.386  -31.554 0.0000000000
160863  -31.905  -10.905  -31.393 0.0000000000
160864  -32.037  -11.476  -31.203 0.0000000000
160865  -32.209  -12.142  -31.033 0.0000000000
160866  -31.272  -12.699  -30.838 0.0000000000
160867  -31.849  -12.642  -30.778 0.0000000000
160868  -32.392  -12.786  -30.879 0.0000000000
160869  -32.553  -13.361  -30.768 0.0000000000
160870  -32.720  -13.928  -30.700 0.0000000000
160871  -32.887  -14.554  -30.591 0.0000000000
160872  -22.705  -14.888  -30.883 0.0000000000
160873  -23.529  -15.024  -31.351 0.0000000000
160874  -24.602  -15.274  -31.812 0.0000000000
160875  -24.416  -16.184  -31.257 0.0000000000
160876  -24.938  -15.782  -31.617 0.0000000000
160877  -25.599  -15.341  -31.897 0.0000000000
160878  -26.473  -15.402  -31.913 0.0000000000
160879  -27.370  -15.327  -31.673 0.0000000000
160880  -28.186  -15.306  -31.283 0.0000000000
160882  -26.586  -17.958  -30.654 0.0000000000
160883  -26.945  -17.356  -30.882 0.0000000000
160885  -27.769  -17.350  -30.586 0.0000000000
160886  -27.493  -16.859  -30.960 0.0000000000
160887  -27.983  -16.298  -31.031 0.0000000000
160888  -28.461  -15.768  -31.048 0.0000000000
160889  -28.891  -15.241  -31.035 0.0000000000
160890  -29.498  -15.120  -30.719 0.0000000000
160891  -30.153  -15.054  -30.548 0.0000000000
160892  -30.746  -14.979  -30.332 0.0000000000
160893  -30.709  -16.172  -30.098 0.0000000000
160894  -31.019  -15.551  -30.128 0.0000000000
160895  -31.402  -14.993  -30.250 0.0000000000
160896  -31.987  -14.966  -30.262 0.0000000000
160897  -32.608  -15.081  -30.311 0.0000000000
163679  -23.115  -22.245  -21.985 0.0000000000
163758  -22.254  -23.070  -21.548 0.0000000000
163759  -22.173  -22.711  -21.861 0.0000000000
