#!ascii label  , from subject fsaverage vox2ras=TkReg 
272
258  -8.030  64.385  -2.299 0.0000000000
259  -7.146  59.595  -15.994 0.0000000000
1616  -13.112  63.708  -4.890 0.0000000000
1617  -11.744  57.585  -9.525 0.0000000000
1618  -6.892  63.094  -8.940 0.0000000000
3653  -10.128  64.740  -3.997 0.0000000000
3654  -9.518  63.644  -6.827 0.0000000000
3655  -7.441  64.035  -5.749 0.0000000000
4846  -9.273  58.288  -12.704 0.0000000000
4848  -11.065  58.316  -15.876 0.0000000000
5937  -7.187  61.931  -3.829 0.0000000000
7612  -12.430  61.180  -6.906 0.0000000000
7613  -9.423  61.247  -9.459 0.0000000000
7614  -6.954  61.259  -12.396 0.0000000000
7615  -6.139  61.791  -7.290 0.0000000000
7616  -5.687  60.974  -10.745 0.0000000000
7617  -5.279  59.749  -14.592 0.0000000000
11333  -8.916  64.827  -3.176 0.0000000000
11334  -8.618  64.600  -4.956 0.0000000000
11335  -7.802  64.310  -4.104 0.0000000000
12526  -8.081  59.049  -14.448 0.0000000000
12527  -9.861  57.880  -14.606 0.0000000000
12528  -8.931  58.895  -16.262 0.0000000000
16720  -12.810  62.708  -5.843 0.0000000000
16721  -8.088  63.493  -7.801 0.0000000000
16722  -9.375  62.761  -8.062 0.0000000000
16723  -7.938  62.655  -9.370 0.0000000000
16724  -8.131  61.371  -10.981 0.0000000000
16725  -6.898  62.301  -10.662 0.0000000000
16727  -6.793  61.886  -5.532 0.0000000000
16732  -5.551  60.324  -12.587 0.0000000000
25007  -11.538  64.358  -4.534 0.0000000000
25008  -11.334  63.694  -5.800 0.0000000000
25009  -9.825  64.353  -5.491 0.0000000000
25010  -8.304  64.154  -6.403 0.0000000000
25011  -7.097  63.648  -7.213 0.0000000000
27154  -10.455  57.768  -11.023 0.0000000000
27156  -10.884  56.990  -12.800 0.0000000000
29210  -7.604  63.257  -1.545 0.0000000000
29211  -7.303  63.351  -3.132 0.0000000000
29212  -7.346  61.777  -2.296 0.0000000000
30880  -6.367  59.296  -17.176 0.0000000000
30881  -7.877  59.174  -17.637 0.0000000000
30882  -7.035  58.566  -18.642 0.0000000000
33276  -12.157  59.362  -8.130 0.0000000000
33277  -10.997  62.699  -6.953 0.0000000000
33278  -10.819  61.129  -8.143 0.0000000000
33279  -10.650  59.298  -9.424 0.0000000000
33280  -9.295  59.501  -10.857 0.0000000000
33281  -8.001  59.935  -12.548 0.0000000000
33282  -6.801  60.395  -14.150 0.0000000000
33283  -7.080  63.254  -4.810 0.0000000000
33284  -6.601  63.050  -6.439 0.0000000000
33285  -6.120  62.869  -8.223 0.0000000000
33287  -5.716  61.570  -8.952 0.0000000000
33288  -6.061  62.287  -9.949 0.0000000000
33289  -6.070  61.508  -11.638 0.0000000000
33290  -5.891  60.783  -13.512 0.0000000000
33291  -5.893  60.132  -15.492 0.0000000000
33292  -5.471  59.008  -16.451 0.0000000000
34996  -13.133  64.181  -3.736 0.0000000000
34997  -11.522  64.512  -3.188 0.0000000000
34998  -10.183  64.779  -2.421 0.0000000000
34999  -9.065  64.695  -1.576 0.0000000000
37675  -10.028  58.904  -17.448 0.0000000000
42053  -8.420  64.687  -2.743 0.0000000000
42054  -8.310  64.650  -3.677 0.0000000000
42055  -7.920  64.396  -3.196 0.0000000000
43246  -7.603  59.426  -15.283 0.0000000000
43247  -8.464  58.914  -15.490 0.0000000000
43248  -7.958  59.240  -16.198 0.0000000000
47438  -13.936  63.395  -4.847 0.0000000000
47439  -13.720  62.765  -5.292 0.0000000000
47440  -13.005  63.271  -5.368 0.0000000000
47441  -7.442  63.343  -8.364 0.0000000000
47442  -8.000  63.147  -8.533 0.0000000000
47443  -7.350  62.949  -9.225 0.0000000000
47444  -7.367  62.519  -10.071 0.0000000000
47445  -6.826  62.753  -9.838 0.0000000000
57038  -10.777  64.584  -4.295 0.0000000000
57039  -10.629  64.396  -5.034 0.0000000000
57040  -9.978  64.595  -4.714 0.0000000000
57041  -8.013  64.354  -5.382 0.0000000000
57042  -8.455  64.392  -5.730 0.0000000000
57043  -7.865  64.187  -6.068 0.0000000000
57044  -7.701  63.938  -6.785 0.0000000000
57045  -7.288  63.851  -6.470 0.0000000000
60616  -9.860  57.966  -11.822 0.0000000000
60617  -10.569  57.323  -11.875 0.0000000000
60618  -10.057  57.572  -12.737 0.0000000000
60619  -10.452  58.081  -15.279 0.0000000000
60620  -10.912  57.449  -14.486 0.0000000000
64238  -7.647  62.401  -1.248 0.0000000000
64239  -7.439  62.536  -1.963 0.0000000000
64240  -7.526  61.676  -1.636 0.0000000000
67816  -6.089  58.865  -17.633 0.0000000000
67817  -6.672  58.937  -17.980 0.0000000000
73196  -13.226  61.233  -6.249 0.0000000000
73198  -13.050  60.344  -6.849 0.0000000000
73199  -12.882  59.440  -7.467 0.0000000000
73200  -12.322  60.283  -7.506 0.0000000000
73201  -10.420  63.708  -6.301 0.0000000000
73202  -11.169  63.236  -6.379 0.0000000000
73203  -10.306  63.241  -6.901 0.0000000000
73204  -9.330  62.023  -8.753 0.0000000000
73205  -10.082  61.983  -8.113 0.0000000000
73206  -10.066  61.209  -8.741 0.0000000000
73207  -10.790  60.296  -8.798 0.0000000000
73208  -10.068  60.274  -9.430 0.0000000000
73209  -9.969  59.356  -10.100 0.0000000000
73210  -9.403  60.353  -10.141 0.0000000000
73211  -7.540  61.318  -11.678 0.0000000000
73212  -8.076  60.594  -11.688 0.0000000000
73213  -7.447  60.707  -12.496 0.0000000000
73214  -7.387  60.169  -13.372 0.0000000000
73215  -6.863  60.736  -13.228 0.0000000000
73216  -7.148  62.674  -3.438 0.0000000000
73217  -7.193  63.354  -3.946 0.0000000000
73218  -7.074  62.673  -4.349 0.0000000000
73219  -6.443  61.855  -6.461 0.0000000000
73220  -6.590  62.524  -5.987 0.0000000000
73221  -6.250  62.470  -6.887 0.0000000000
73222  -6.321  62.975  -7.316 0.0000000000
73223  -6.000  62.416  -7.738 0.0000000000
73227  -5.719  60.498  -10.187 0.0000000000
73228  -5.822  60.726  -9.327 0.0000000000
73229  -5.735  61.274  -9.840 0.0000000000
73230  -5.806  62.066  -9.475 0.0000000000
73231  -5.818  61.656  -10.316 0.0000000000
73232  -6.044  61.903  -10.741 0.0000000000
73233  -5.798  61.305  -11.223 0.0000000000
73234  -5.340  60.077  -13.597 0.0000000000
73235  -5.644  60.622  -13.093 0.0000000000
73236  -5.507  60.307  -14.100 0.0000000000
73237  -5.859  60.436  -14.514 0.0000000000
73238  -5.484  60.005  -15.097 0.0000000000
73239  -5.603  59.665  -16.020 0.0000000000
73240  -5.292  59.444  -15.563 0.0000000000
77324  -13.816  64.101  -3.365 0.0000000000
77325  -13.065  64.228  -3.094 0.0000000000
77326  -12.306  64.353  -3.490 0.0000000000
77327  -12.307  64.343  -2.844 0.0000000000
77329  -10.857  64.555  -2.069 0.0000000000
77330  -10.232  64.622  -1.664 0.0000000000
77331  -9.658  64.792  -1.935 0.0000000000
77332  -9.649  64.597  -1.243 0.0000000000
83949  -8.319  58.935  -18.216 0.0000000000
83950  -8.891  59.068  -17.621 0.0000000000
94127  -9.487  64.875  -3.659 0.0000000000
94128  -9.359  64.713  -4.440 0.0000000000
94129  -8.794  64.742  -4.102 0.0000000000
94130  -8.176  64.544  -4.574 0.0000000000
94131  -7.654  64.185  -4.970 0.0000000000
96274  -8.648  58.653  -13.636 0.0000000000
96275  -9.494  57.970  -13.660 0.0000000000
96276  -8.908  58.395  -14.610 0.0000000000
96277  -9.445  58.437  -15.446 0.0000000000
96278  -10.022  58.547  -16.113 0.0000000000
103823  -13.459  62.043  -5.727 0.0000000000
103824  -12.589  62.054  -6.339 0.0000000000
103825  -8.735  63.597  -7.315 0.0000000000
103826  -9.450  63.242  -7.417 0.0000000000
103827  -8.680  63.198  -7.967 0.0000000000
103828  -8.636  62.682  -8.699 0.0000000000
103829  -8.675  62.170  -9.473 0.0000000000
103830  -8.752  61.315  -10.196 0.0000000000
103831  -8.044  62.066  -10.181 0.0000000000
103832  -7.478  61.992  -10.940 0.0000000000
103833  -6.997  61.782  -11.530 0.0000000000
103834  -7.338  61.114  -4.162 0.0000000000
103835  -7.061  61.925  -4.676 0.0000000000
103836  -7.164  61.148  -5.064 0.0000000000
103837  -6.858  61.146  -6.016 0.0000000000
103838  -6.502  61.051  -6.843 0.0000000000
103843  -5.684  60.191  -11.082 0.0000000000
103844  -5.636  60.648  -11.659 0.0000000000
103845  -5.592  59.910  -12.000 0.0000000000
103846  -5.436  59.608  -13.016 0.0000000000
103847  -5.277  59.330  -14.010 0.0000000000
119789  -12.374  64.055  -4.723 0.0000000000
119790  -12.245  63.689  -5.329 0.0000000000
119791  -11.457  64.052  -5.193 0.0000000000
119792  -10.537  64.069  -5.694 0.0000000000
119793  -9.657  64.042  -6.219 0.0000000000
119794  -9.187  64.535  -5.217 0.0000000000
119795  -9.005  64.298  -6.008 0.0000000000
119796  -8.840  63.961  -6.663 0.0000000000
119797  -8.178  63.866  -7.105 0.0000000000
119798  -7.565  63.646  -7.543 0.0000000000
119799  -6.944  63.374  -7.996 0.0000000000
124798  -11.095  57.664  -10.237 0.0000000000
124799  -11.784  56.965  -10.310 0.0000000000
124800  -11.155  57.090  -11.051 0.0000000000
124801  -11.374  56.770  -11.949 0.0000000000
124803  -10.412  57.382  -13.664 0.0000000000
124804  -11.368  57.001  -13.682 0.0000000000
129752  -7.760  63.902  -1.869 0.0000000000
129753  -7.589  63.944  -2.756 0.0000000000
129754  -7.455  63.304  -2.340 0.0000000000
129755  -7.259  62.634  -2.677 0.0000000000
129756  -7.235  61.842  -2.988 0.0000000000
129757  -7.514  60.821  -2.012 0.0000000000
129758  -7.395  60.902  -2.626 0.0000000000
129759  -7.381  61.094  -3.318 0.0000000000
134284  -6.723  59.540  -16.607 0.0000000000
134285  -7.439  59.339  -16.872 0.0000000000
134286  -7.047  59.242  -17.458 0.0000000000
134287  -7.354  58.976  -18.196 0.0000000000
140987  -12.682  58.506  -8.119 0.0000000000
140988  -11.932  58.421  -8.785 0.0000000000
140989  -12.099  63.248  -5.904 0.0000000000
140990  -11.894  62.676  -6.403 0.0000000000
140991  -11.732  61.987  -6.946 0.0000000000
140992  -10.167  62.683  -7.490 0.0000000000
140993  -10.879  61.950  -7.538 0.0000000000
140994  -11.619  61.133  -7.538 0.0000000000
140995  -11.527  60.247  -8.145 0.0000000000
140996  -11.415  59.309  -8.764 0.0000000000
140997  -11.192  58.392  -9.457 0.0000000000
140998  -10.504  58.449  -10.174 0.0000000000
140999  -9.859  58.591  -10.917 0.0000000000
141000  -9.229  58.746  -11.748 0.0000000000
141001  -8.727  60.445  -10.885 0.0000000000
141002  -8.625  59.667  -11.690 0.0000000000
141003  -8.601  59.091  -12.640 0.0000000000
141004  -7.996  59.435  -13.465 0.0000000000
141005  -7.394  59.749  -14.277 0.0000000000
141006  -6.925  59.970  -15.093 0.0000000000
141007  -7.495  63.913  -3.612 0.0000000000
141008  -7.336  63.868  -4.483 0.0000000000
141009  -7.203  63.696  -5.269 0.0000000000
141010  -6.822  62.631  -5.160 0.0000000000
141011  -6.864  63.141  -5.591 0.0000000000
141012  -6.997  63.580  -6.079 0.0000000000
141013  -6.751  63.495  -6.909 0.0000000000
141014  -6.567  63.276  -7.677 0.0000000000
141015  -6.498  63.079  -8.569 0.0000000000
141018  -6.156  60.993  -7.676 0.0000000000
141020  -5.936  60.876  -8.500 0.0000000000
141021  -5.888  61.704  -8.116 0.0000000000
141022  -5.875  62.260  -8.603 0.0000000000
141023  -6.090  62.621  -9.078 0.0000000000
141024  -6.449  62.774  -9.480 0.0000000000
141025  -6.425  62.382  -10.328 0.0000000000
141026  -6.449  61.980  -11.144 0.0000000000
141027  -6.475  61.517  -12.026 0.0000000000
141028  -5.728  60.981  -12.161 0.0000000000
141029  -6.012  61.161  -12.546 0.0000000000
141030  -6.412  61.077  -12.953 0.0000000000
141031  -6.311  60.774  -13.892 0.0000000000
141032  -6.340  60.332  -14.850 0.0000000000
141033  -6.481  59.923  -15.763 0.0000000000
141034  -6.096  59.692  -16.357 0.0000000000
141035  -5.841  59.298  -16.872 0.0000000000
145999  -13.963  63.726  -4.457 0.0000000000
146007  -13.910  64.006  -4.000 0.0000000000
146008  -13.154  64.009  -4.341 0.0000000000
146009  -12.362  64.254  -4.120 0.0000000000
146010  -11.497  64.482  -3.893 0.0000000000
146011  -10.801  64.646  -3.580 0.0000000000
146012  -11.550  64.433  -2.446 0.0000000000
146013  -10.820  64.653  -2.826 0.0000000000
146014  -10.155  64.786  -3.215 0.0000000000
146015  -9.573  64.843  -2.773 0.0000000000
146016  -9.035  64.795  -2.319 0.0000000000
146017  -8.481  64.646  -1.969 0.0000000000
146043  -8.568  64.461  -1.169 0.0000000000
146044  -8.126  64.259  -1.492 0.0000000000
146045  -7.888  63.680  -1.162 0.0000000000
153985  -8.346  59.159  -17.001 0.0000000000
153986  -9.488  58.915  -16.907 0.0000000000
153987  -10.594  58.696  -16.692 0.0000000000
