#!ascii label  , from subject fsaverage vox2ras=TkReg 
1912
34  -13.421  -91.224  3.756 0.0000000000
138  -15.127  -78.439  10.766 0.0000000000
346  -12.577  -85.458  9.214 0.0000000000
347  -8.508  -80.000  3.056 0.0000000000
570  -21.550  -71.615  7.489 0.0000000000
572  -4.769  -71.843  11.431 0.0000000000
625  -17.268  -73.689  2.293 0.0000000000
826  -12.585  -88.368  5.967 0.0000000000
827  -12.368  -85.898  1.619 0.0000000000
828  -11.597  -89.305  -1.149 0.0000000000
1396  -18.249  -75.214  8.560 0.0000000000
1397  -21.346  -74.542  4.392 0.0000000000
1398  -16.943  -77.698  5.268 0.0000000000
1774  -13.486  -81.821  10.864 0.0000000000
1775  -14.385  -80.531  5.268 0.0000000000
1776  -13.341  -83.189  4.257 0.0000000000
1990  -14.952  -93.955  1.198 0.0000000000
1991  -11.835  -92.789  -4.980 0.0000000000
2346  -23.319  -66.455  8.338 0.0000000000
2348  -18.194  -69.287  7.858 0.0000000000
2349  -14.422  -71.785  10.254 0.0000000000
2351  -10.206  -68.202  8.857 0.0000000000
2352  -10.425  -75.091  13.087 0.0000000000
2353  -8.596  -79.640  12.158 0.0000000000
2354  -7.639  -85.477  11.084 0.0000000000
2355  -7.197  -89.985  7.689 0.0000000000
2364  -8.680  -94.938  7.513 0.0000000000
2509  -25.171  -69.478  5.061 0.0000000000
2512  -11.850  -76.246  3.517 0.0000000000
2746  -13.037  -89.851  4.799 0.0000000000
2747  -13.461  -88.378  2.437 0.0000000000
2748  -13.507  -89.792  0.980 0.0000000000
3316  -16.530  -76.745  9.904 0.0000000000
3317  -18.139  -76.864  7.029 0.0000000000
3318  -16.429  -78.599  7.973 0.0000000000
3916  -13.003  -83.732  10.404 0.0000000000
3917  -14.167  -83.093  7.713 0.0000000000
3918  -13.853  -84.471  6.640 0.0000000000
3919  -9.777  -86.690  -1.336 0.0000000000
3920  -10.133  -84.926  0.238 0.0000000000
4366  -15.376  -95.410  -0.206 0.0000000000
4367  -15.693  -93.447  -3.846 0.0000000000
4368  -16.430  -94.985  -5.473 0.0000000000
5224  -16.777  -68.266  7.383 0.0000000000
5225  -16.279  -70.517  8.551 0.0000000000
5226  -14.559  -69.146  7.437 0.0000000000
5232  -7.418  -69.588  10.030 0.0000000000
5233  -10.018  -71.414  11.089 0.0000000000
5234  -7.602  -73.255  12.164 0.0000000000
5235  -9.152  -77.461  12.442 0.0000000000
5236  -6.399  -75.881  11.924 0.0000000000
5238  -6.194  -82.152  12.005 0.0000000000
5240  -7.202  -87.672  9.357 0.0000000000
5265  -8.719  -97.119  6.427 0.0000000000
5626  -22.801  -69.210  7.961 0.0000000000
5627  -24.649  -68.260  7.168 0.0000000000
5628  -23.542  -71.012  6.375 0.0000000000
5629  -19.965  -74.567  2.787 0.0000000000
5630  -22.359  -72.557  2.722 0.0000000000
5634  -11.763  -80.100  3.688 0.0000000000
5635  -13.132  -78.479  4.011 0.0000000000
5636  -9.957  -77.967  3.648 0.0000000000
6094  -12.268  -86.925  7.362 0.0000000000
6095  -13.405  -85.777  5.081 0.0000000000
6096  -13.287  -87.146  3.863 0.0000000000
6097  -12.156  -87.561  0.110 0.0000000000
6098  -9.137  -88.829  -2.627 0.0000000000
6885  -3.915  -75.219  12.080 0.0000000000
7120  -19.951  -73.489  7.700 0.0000000000
7121  -21.884  -73.407  5.985 0.0000000000
7122  -19.994  -75.302  6.283 0.0000000000
7123  -19.232  -76.357  4.620 0.0000000000
7124  -17.379  -75.998  3.292 0.0000000000
7978  -14.163  -80.109  10.833 0.0000000000
7979  -15.501  -80.162  8.242 0.0000000000
7980  -14.672  -81.502  8.113 0.0000000000
7981  -13.592  -81.921  4.877 0.0000000000
7982  -11.190  -81.677  3.035 0.0000000000
7983  -12.944  -84.360  2.840 0.0000000000
7984  -10.566  -83.198  1.814 0.0000000000
8554  -13.932  -92.671  2.382 0.0000000000
8555  -14.141  -91.364  -0.930 0.0000000000
8556  -15.072  -92.356  -2.521 0.0000000000
8557  -12.542  -93.950  -6.278 0.0000000000
9596  -22.005  -66.098  8.644 0.0000000000
9597  -21.176  -68.409  8.489 0.0000000000
9599  -19.876  -67.933  8.087 0.0000000000
9600  -19.771  -70.382  8.312 0.0000000000
9601  -18.185  -72.125  8.820 0.0000000000
9602  -16.526  -73.668  10.170 0.0000000000
9603  -14.817  -75.085  11.569 0.0000000000
9609  -13.040  -67.642  8.829 0.0000000000
9610  -12.280  -70.225  9.384 0.0000000000
9611  -12.401  -73.107  11.975 0.0000000000
9612  -13.160  -76.905  12.606 0.0000000000
9613  -11.899  -78.890  12.553 0.0000000000
9614  -11.165  -80.938  12.335 0.0000000000
9615  -10.560  -83.126  12.025 0.0000000000
9616  -6.142  -78.914  12.020 0.0000000000
9617  -8.107  -82.423  11.993 0.0000000000
9618  -9.977  -85.396  10.687 0.0000000000
9619  -9.849  -87.372  8.727 0.0000000000
9620  -10.180  -89.118  7.326 0.0000000000
9621  -10.623  -90.886  6.744 0.0000000000
9647  -7.699  -92.295  7.536 0.0000000000
9648  -11.547  -93.227  6.204 0.0000000000
9649  -11.772  -95.176  4.988 0.0000000000
9650  -12.200  -96.948  3.817 0.0000000000
10082  -25.893  -66.432  6.096 0.0000000000
10083  -26.206  -67.191  3.995 0.0000000000
10084  -23.557  -72.233  4.395 0.0000000000
10085  -24.718  -70.192  3.062 0.0000000000
10090  -15.326  -79.155  5.333 0.0000000000
10091  -14.807  -77.087  3.975 0.0000000000
10092  -14.236  -74.883  3.063 0.0000000000
10094  -10.410  -73.695  3.130 0.0000000000
10095  -13.193  -72.410  2.435 0.0000000000
10108  -11.495  -91.277  -2.905 0.0000000000
10109  -8.195  -91.433  -4.244 0.0000000000
10426  -13.256  -90.593  4.229 0.0000000000
10427  -13.522  -89.831  3.034 0.0000000000
10428  -13.703  -90.500  2.370 0.0000000000
10996  -15.765  -77.639  10.360 0.0000000000
10997  -16.503  -77.756  9.127 0.0000000000
10998  -15.908  -78.609  9.419 0.0000000000
11596  -12.719  -84.664  9.887 0.0000000000
11597  -13.614  -84.298  8.553 0.0000000000
11598  -13.494  -85.051  7.867 0.0000000000
11599  -7.999  -87.585  -1.977 0.0000000000
11600  -8.232  -86.539  -1.205 0.0000000000
12046  -15.660  -96.150  -1.158 0.0000000000
12047  -16.584  -95.014  -2.861 0.0000000000
12905  -15.607  -68.562  7.035 0.0000000000
12906  -14.927  -67.940  7.720 0.0000000000
12910  -4.988  -69.902  11.449 0.0000000000
12912  -5.962  -70.525  10.778 0.0000000000
12913  -7.343  -71.400  11.078 0.0000000000
12914  -6.092  -72.513  11.544 0.0000000000
12915  -6.806  -74.561  12.103 0.0000000000
12916  -5.399  -73.911  11.753 0.0000000000
13306  -22.185  -70.405  7.679 0.0000000000
13307  -23.229  -70.213  7.250 0.0000000000
13308  -22.560  -71.505  6.945 0.0000000000
13309  -18.792  -74.157  2.344 0.0000000000
13310  -20.051  -73.434  2.177 0.0000000000
13311  -18.744  -73.002  1.899 0.0000000000
13313  -17.113  -72.477  1.886 0.0000000000
13314  -10.274  -79.911  3.271 0.0000000000
13315  -10.856  -79.013  3.537 0.0000000000
13316  -9.184  -78.923  3.456 0.0000000000
13996  -12.395  -87.585  6.477 0.0000000000
13997  -12.981  -87.089  5.682 0.0000000000
13998  -13.147  -87.770  4.978 0.0000000000
13999  -12.822  -88.695  0.522 0.0000000000
14000  -12.943  -87.987  1.321 0.0000000000
14001  -11.922  -88.425  -0.469 0.0000000000
14002  -10.879  -88.036  -1.390 0.0000000000
14003  -10.506  -89.085  -1.930 0.0000000000
15706  -19.126  -74.437  8.007 0.0000000000
15707  -20.024  -74.505  6.995 0.0000000000
15708  -19.163  -75.360  7.329 0.0000000000
15709  -17.714  -77.479  6.156 0.0000000000
15710  -18.790  -76.695  5.801 0.0000000000
15711  -18.065  -77.066  4.890 0.0000000000
15712  -18.440  -76.292  3.764 0.0000000000
15713  -17.187  -76.944  4.139 0.0000000000
17506  -13.737  -80.890  10.837 0.0000000000
17507  -14.597  -80.971  9.584 0.0000000000
17508  -14.253  -81.766  9.530 0.0000000000
17509  -13.989  -83.270  5.864 0.0000000000
17510  -14.115  -82.565  6.132 0.0000000000
17511  -13.490  -82.584  4.670 0.0000000000
17512  -12.614  -81.817  3.791 0.0000000000
17513  -12.443  -82.514  3.416 0.0000000000
17514  -13.174  -85.787  3.303 0.0000000000
17515  -13.315  -85.198  4.011 0.0000000000
17516  -12.651  -85.126  2.195 0.0000000000
17517  -8.693  -84.594  0.331 0.0000000000
17518  -10.389  -84.015  1.026 0.0000000000
17519  -8.940  -83.644  1.201 0.0000000000
17520  -9.171  -82.681  1.966 0.0000000000
18856  -14.389  -93.409  1.756 0.0000000000
18857  -14.932  -92.497  -0.038 0.0000000000
18858  -15.427  -92.930  -0.620 0.0000000000
18859  -14.716  -94.151  -5.997 0.0000000000
18860  -14.428  -93.389  -5.304 0.0000000000
21425  -21.694  -67.274  8.519 0.0000000000
21426  -21.178  -67.106  8.443 0.0000000000
21430  -18.346  -68.422  7.692 0.0000000000
21431  -19.226  -67.716  8.061 0.0000000000
21432  -19.017  -68.702  7.984 0.0000000000
21433  -19.700  -68.978  8.314 0.0000000000
21434  -18.948  -69.764  8.211 0.0000000000
21435  -19.051  -71.226  8.435 0.0000000000
21436  -18.075  -70.440  8.389 0.0000000000
21437  -15.296  -71.141  9.457 0.0000000000
21438  -16.317  -71.992  9.694 0.0000000000
21439  -15.463  -72.650  10.437 0.0000000000
21440  -15.690  -74.296  10.924 0.0000000000
21441  -14.645  -73.313  11.246 0.0000000000
21457  -11.618  -67.786  8.656 0.0000000000
21458  -12.392  -68.669  8.066 0.0000000000
21459  -11.171  -69.215  8.817 0.0000000000
21460  -10.112  -73.087  12.266 0.0000000000
21461  -11.205  -72.279  11.541 0.0000000000
21462  -11.367  -73.994  12.676 0.0000000000
21463  -12.731  -75.006  12.667 0.0000000000
21464  -11.790  -76.010  13.065 0.0000000000
21465  -12.481  -77.913  12.760 0.0000000000
21466  -11.111  -77.140  13.041 0.0000000000
21467  -8.864  -78.578  12.166 0.0000000000
21468  -10.146  -79.267  12.381 0.0000000000
21469  -9.833  -80.305  12.310 0.0000000000
21470  -10.819  -82.039  12.252 0.0000000000
21471  -9.465  -81.427  12.167 0.0000000000
21473  -4.790  -77.046  11.870 0.0000000000
21475  -6.902  -83.867  11.718 0.0000000000
21476  -7.151  -82.238  11.930 0.0000000000
21477  -7.931  -84.044  11.714 0.0000000000
21478  -9.106  -84.080  11.684 0.0000000000
21479  -8.792  -85.484  10.970 0.0000000000
21480  -9.874  -86.435  9.779 0.0000000000
21481  -8.560  -86.579  10.083 0.0000000000
21482  -7.143  -88.874  8.431 0.0000000000
21483  -8.563  -88.644  8.174 0.0000000000
21484  -8.683  -89.607  7.661 0.0000000000
21485  -10.353  -89.960  7.020 0.0000000000
21486  -8.743  -90.544  7.258 0.0000000000
21550  -7.191  -94.313  8.221 0.0000000000
21551  -6.676  -93.091  8.113 0.0000000000
21552  -8.296  -93.575  7.716 0.0000000000
21553  -9.579  -92.875  7.243 0.0000000000
21554  -10.139  -94.151  7.001 0.0000000000
21555  -11.673  -94.237  5.614 0.0000000000
21556  -10.244  -95.344  6.400 0.0000000000
21557  -8.844  -98.167  5.744 0.0000000000
21558  -10.422  -97.298  5.113 0.0000000000
21559  -10.528  -98.188  4.419 0.0000000000
21560  -12.293  -97.627  2.880 0.0000000000
22639  -24.976  -68.918  6.165 0.0000000000
22640  -25.334  -67.414  6.616 0.0000000000
22641  -25.646  -68.003  5.589 0.0000000000
22642  -26.231  -66.893  5.108 0.0000000000
22643  -25.786  -68.438  4.485 0.0000000000
22644  -21.748  -74.093  5.199 0.0000000000
22645  -22.765  -72.949  5.171 0.0000000000
22646  -22.486  -73.416  4.318 0.0000000000
22647  -22.645  -71.439  2.168 0.0000000000
22648  -23.618  -71.444  2.843 0.0000000000
22649  -23.933  -70.208  2.273 0.0000000000
22650  -25.137  -68.887  2.558 0.0000000000
22659  -15.209  -80.541  6.717 0.0000000000
22660  -15.636  -79.873  6.702 0.0000000000
22661  -14.835  -79.847  5.361 0.0000000000
22662  -12.474  -77.346  3.787 0.0000000000
22663  -13.775  -77.754  4.008 0.0000000000
22664  -13.426  -76.641  3.668 0.0000000000
22665  -14.533  -75.986  3.439 0.0000000000
22666  -13.048  -75.495  3.248 0.0000000000
22671  -8.470  -73.192  3.690 0.0000000000
22672  -9.730  -72.323  3.072 0.0000000000
22673  -11.769  -72.951  2.721 0.0000000000
22674  -11.159  -71.592  2.658 0.0000000000
22704  -13.440  -91.885  -3.157 0.0000000000
22705  -13.090  -91.193  -1.994 0.0000000000
22706  -11.797  -92.147  -3.853 0.0000000000
23374  -12.906  -89.075  5.354 0.0000000000
23375  -13.321  -88.428  4.310 0.0000000000
23376  -13.473  -89.132  3.649 0.0000000000
23377  -13.472  -89.130  1.663 0.0000000000
23378  -12.783  -89.381  -0.287 0.0000000000
24400  -17.357  -75.960  9.246 0.0000000000
24401  -18.265  -76.149  7.859 0.0000000000
24402  -17.353  -76.948  8.503 0.0000000000
24403  -17.154  -77.720  7.598 0.0000000000
24404  -16.788  -78.291  6.502 0.0000000000
25480  -13.240  -82.711  10.784 0.0000000000
25481  -14.010  -82.576  9.452 0.0000000000
25482  -13.792  -83.416  9.041 0.0000000000
25483  -14.028  -83.786  7.191 0.0000000000
25484  -13.824  -83.852  5.324 0.0000000000
25485  -11.182  -86.197  -0.102 0.0000000000
25486  -11.353  -85.373  0.602 0.0000000000
25487  -9.957  -85.800  -0.649 0.0000000000
25488  -8.431  -85.541  -0.409 0.0000000000
26290  -15.239  -94.678  0.500 0.0000000000
26291  -15.767  -93.458  -1.215 0.0000000000
26292  -16.126  -94.190  -1.970 0.0000000000
26293  -16.020  -94.287  -4.600 0.0000000000
27835  -17.692  -68.051  7.934 0.0000000000
27836  -17.525  -68.848  7.396 0.0000000000
27837  -17.243  -69.861  8.010 0.0000000000
27838  -16.504  -69.347  7.444 0.0000000000
27839  -15.477  -69.925  8.002 0.0000000000
27840  -14.416  -70.519  8.916 0.0000000000
27850  -8.802  -68.820  9.374 0.0000000000
27851  -9.985  -69.829  9.753 0.0000000000
27852  -8.699  -70.536  10.506 0.0000000000
27853  -8.764  -72.199  11.676 0.0000000000
27854  -9.038  -74.205  12.646 0.0000000000
27855  -9.631  -76.265  12.917 0.0000000000
27856  -8.264  -75.481  12.562 0.0000000000
27857  -7.817  -76.622  12.221 0.0000000000
27858  -7.565  -77.897  11.955 0.0000000000
27862  -5.990  -83.609  11.811 0.0000000000
27863  -6.617  -85.386  11.049 0.0000000000
27864  -7.440  -86.609  10.269 0.0000000000
27865  -6.284  -86.520  10.184 0.0000000000
27866  -5.895  -87.701  9.399 0.0000000000
27867  -5.741  -88.941  8.559 0.0000000000
27908  -7.497  -95.625  7.913 0.0000000000
27909  -8.830  -96.026  7.039 0.0000000000
27910  -7.521  -96.870  7.439 0.0000000000
27911  -7.450  -97.899  6.881 0.0000000000
28558  -23.135  -67.840  8.132 0.0000000000
28559  -24.016  -67.391  7.924 0.0000000000
28560  -23.750  -68.882  7.631 0.0000000000
28561  -24.184  -69.684  6.762 0.0000000000
28562  -24.429  -70.368  5.691 0.0000000000
28563  -20.835  -74.706  3.457 0.0000000000
28564  -21.958  -73.640  3.501 0.0000000000
28565  -21.119  -73.710  2.701 0.0000000000
28566  -21.361  -72.490  2.099 0.0000000000
28572  -13.174  -80.225  4.334 0.0000000000
28573  -13.681  -79.531  4.460 0.0000000000
28574  -12.393  -79.199  3.910 0.0000000000
28575  -11.671  -78.162  3.736 0.0000000000
28576  -10.928  -77.072  3.663 0.0000000000
29578  -12.407  -86.213  8.240 0.0000000000
29579  -13.262  -85.777  7.087 0.0000000000
29580  -13.097  -86.333  6.240 0.0000000000
29581  -13.346  -86.492  4.525 0.0000000000
29582  -13.074  -86.537  2.728 0.0000000000
29583  -13.398  -87.768  3.188 0.0000000000
29584  -13.020  -87.281  1.979 0.0000000000
29585  -12.274  -86.729  0.872 0.0000000000
29586  -11.052  -87.087  -0.826 0.0000000000
29587  -9.476  -87.706  -2.065 0.0000000000
29588  -7.686  -88.735  -2.754 0.0000000000
31424  -3.958  -71.439  12.123 0.0000000000
31425  -4.234  -73.437  11.866 0.0000000000
31972  -20.779  -72.529  7.547 0.0000000000
31973  -21.800  -72.599  6.800 0.0000000000
31974  -20.946  -73.532  6.793 0.0000000000
31975  -20.867  -74.433  6.105 0.0000000000
31976  -20.729  -75.041  5.346 0.0000000000
31977  -19.071  -76.096  6.638 0.0000000000
31978  -19.754  -75.923  5.525 0.0000000000
31979  -20.366  -75.468  4.490 0.0000000000
31980  -19.711  -75.587  3.573 0.0000000000
31981  -18.669  -75.313  2.949 0.0000000000
31982  -17.327  -74.867  2.769 0.0000000000
34270  -14.636  -79.292  10.944 0.0000000000
34271  -15.399  -79.443  9.641 0.0000000000
34272  -15.015  -80.228  9.665 0.0000000000
34273  -15.104  -80.871  8.198 0.0000000000
34274  -14.751  -81.042  6.714 0.0000000000
34275  -14.320  -82.306  7.948 0.0000000000
34276  -14.329  -81.783  6.412 0.0000000000
34277  -14.001  -81.121  5.184 0.0000000000
34278  -12.821  -81.049  4.118 0.0000000000
34279  -11.465  -80.919  3.397 0.0000000000
34280  -9.844  -80.867  2.973 0.0000000000
34281  -13.617  -85.207  5.827 0.0000000000
34282  -13.604  -84.525  4.685 0.0000000000
34283  -13.187  -83.769  3.563 0.0000000000
34284  -11.672  -84.495  1.365 0.0000000000
34285  -11.895  -83.728  2.024 0.0000000000
34286  -12.227  -83.059  2.755 0.0000000000
34287  -10.868  -82.431  2.502 0.0000000000
34288  -9.487  -81.826  2.569 0.0000000000
34289  -8.125  -81.053  2.677 0.0000000000
35926  -13.612  -91.936  3.155 0.0000000000
35927  -13.993  -91.264  1.460 0.0000000000
35928  -14.432  -91.844  0.628 0.0000000000
35929  -14.589  -91.929  -1.897 0.0000000000
35930  -13.738  -92.292  -3.993 0.0000000000
35931  -15.466  -92.764  -3.115 0.0000000000
35932  -14.146  -92.782  -4.631 0.0000000000
35933  -12.134  -93.373  -5.729 0.0000000000
39024  -22.582  -66.272  8.639 0.0000000000
39025  -22.359  -67.622  8.458 0.0000000000
39026  -21.941  -68.912  8.269 0.0000000000
39027  -21.380  -69.974  8.120 0.0000000000
39032  -19.931  -66.832  8.654 0.0000000000
39033  -20.605  -67.002  8.382 0.0000000000
39034  -20.491  -68.146  8.371 0.0000000000
39035  -20.499  -69.531  8.426 0.0000000000
39036  -20.693  -71.042  8.042 0.0000000000
39037  -19.993  -71.954  8.101 0.0000000000
39038  -19.135  -72.860  8.412 0.0000000000
39039  -18.348  -73.754  8.866 0.0000000000
39040  -17.201  -71.201  8.912 0.0000000000
39041  -17.345  -72.900  9.459 0.0000000000
39042  -17.495  -74.516  9.516 0.0000000000
39043  -16.632  -75.279  10.237 0.0000000000
39044  -15.741  -76.007  10.888 0.0000000000
39045  -14.982  -76.884  11.374 0.0000000000
39064  -13.609  -68.124  7.487 0.0000000000
39065  -13.433  -69.705  8.305 0.0000000000
39066  -13.325  -70.976  9.938 0.0000000000
39067  -11.126  -70.715  10.316 0.0000000000
39068  -12.318  -71.560  10.767 0.0000000000
39069  -13.473  -72.383  11.166 0.0000000000
39070  -13.677  -74.061  12.056 0.0000000000
39071  -13.973  -76.012  12.136 0.0000000000
39072  -14.342  -77.859  11.826 0.0000000000
39073  -13.727  -78.741  11.978 0.0000000000
39074  -13.130  -79.614  11.887 0.0000000000
39075  -12.732  -80.507  11.821 0.0000000000
39076  -10.470  -78.215  12.609 0.0000000000
39077  -11.476  -79.948  12.377 0.0000000000
39078  -12.479  -81.477  11.857 0.0000000000
39079  -12.107  -82.472  11.789 0.0000000000
39080  -11.842  -83.545  11.452 0.0000000000
39081  -11.590  -84.464  10.919 0.0000000000
39082  -5.042  -75.386  11.725 0.0000000000
39083  -6.136  -77.359  11.854 0.0000000000
39084  -7.385  -79.209  12.055 0.0000000000
39085  -6.225  -80.508  12.012 0.0000000000
39086  -7.284  -80.678  11.998 0.0000000000
39087  -8.315  -80.988  11.937 0.0000000000
39088  -9.296  -82.742  12.113 0.0000000000
39089  -10.309  -84.245  11.398 0.0000000000
39090  -11.319  -85.443  10.165 0.0000000000
39091  -11.165  -86.341  9.287 0.0000000000
39092  -11.154  -87.170  8.236 0.0000000000
39093  -11.265  -87.878  7.389 0.0000000000
39094  -8.482  -87.617  9.096 0.0000000000
39095  -9.891  -88.279  7.811 0.0000000000
39096  -11.523  -88.696  6.786 0.0000000000
39097  -11.828  -89.460  6.402 0.0000000000
39098  -12.114  -90.376  5.892 0.0000000000
39099  -12.377  -91.238  5.494 0.0000000000
39176  -6.078  -91.905  7.780 0.0000000000
39177  -7.379  -91.215  7.292 0.0000000000
39178  -9.040  -91.543  7.134 0.0000000000
39179  -11.104  -92.082  6.442 0.0000000000
39180  -12.696  -92.177  5.091 0.0000000000
39181  -12.816  -93.064  4.596 0.0000000000
39182  -12.990  -93.884  3.817 0.0000000000
39183  -13.311  -94.624  3.285 0.0000000000
39184  -10.312  -96.242  5.819 0.0000000000
39185  -11.954  -96.000  4.360 0.0000000000
39186  -13.696  -95.443  2.692 0.0000000000
39187  -13.871  -96.224  2.049 0.0000000000
39188  -13.929  -96.914  1.149 0.0000000000
40480  -24.809  -66.674  7.527 0.0000000000
40486  -22.786  -72.296  6.084 0.0000000000
40487  -23.633  -71.760  5.375 0.0000000000
40488  -24.405  -70.922  4.658 0.0000000000
40489  -23.052  -72.560  3.523 0.0000000000
40490  -24.163  -71.312  3.750 0.0000000000
40491  -25.083  -69.874  4.029 0.0000000000
40492  -25.556  -68.695  3.464 0.0000000000
40504  -15.894  -79.408  8.224 0.0000000000
40505  -16.099  -79.088  6.616 0.0000000000
40506  -16.060  -78.429  5.440 0.0000000000
40507  -14.245  -78.831  4.463 0.0000000000
40508  -14.977  -78.171  4.545 0.0000000000
40509  -16.018  -77.495  4.509 0.0000000000
40510  -15.947  -76.524  3.715 0.0000000000
40511  -15.909  -75.453  3.134 0.0000000000
40512  -15.659  -74.381  2.715 0.0000000000
40514  -9.061  -76.884  3.726 0.0000000000
40515  -9.913  -75.946  3.537 0.0000000000
40517  -9.227  -74.626  3.525 0.0000000000
40518  -11.147  -75.056  3.265 0.0000000000
40519  -12.409  -74.277  2.929 0.0000000000
40520  -13.723  -73.692  2.642 0.0000000000
40521  -15.298  -73.142  2.346 0.0000000000
40558  -13.759  -90.587  0.118 0.0000000000
40559  -12.786  -90.321  -1.188 0.0000000000
40560  -11.385  -90.253  -2.029 0.0000000000
40561  -10.043  -92.457  -4.464 0.0000000000
40562  -9.669  -91.476  -3.500 0.0000000000
40563  -9.953  -90.344  -2.743 0.0000000000
40564  -8.652  -90.207  -3.454 0.0000000000
40565  -7.212  -90.121  -3.756 0.0000000000
41146  -13.340  -90.894  3.998 0.0000000000
41147  -13.544  -90.535  3.317 0.0000000000
41148  -13.636  -90.836  3.046 0.0000000000
41716  -15.438  -78.070  10.567 0.0000000000
41717  -15.843  -78.152  9.914 0.0000000000
41718  -15.556  -78.563  10.068 0.0000000000
42316  -12.640  -85.099  9.585 0.0000000000
42317  -13.146  -84.985  8.954 0.0000000000
42318  -13.084  -85.347  8.610 0.0000000000
42319  -7.103  -88.060  -2.243 0.0000000000
42320  -7.204  -87.489  -1.820 0.0000000000
42767  -16.358  -95.942  -2.433 0.0000000000
43625  -15.472  -67.845  7.972 0.0000000000
43630  -4.770  -70.792  11.387 0.0000000000
43631  -5.396  -70.133  10.963 0.0000000000
43632  -5.272  -71.107  11.096 0.0000000000
43633  -5.973  -71.512  11.154 0.0000000000
43634  -5.402  -72.161  11.411 0.0000000000
43635  -5.686  -73.196  11.696 0.0000000000
43636  -4.972  -72.881  11.636 0.0000000000
44026  -21.881  -71.008  7.573 0.0000000000
44027  -22.378  -70.939  7.343 0.0000000000
44028  -22.060  -71.568  7.219 0.0000000000
44029  -18.067  -73.940  2.290 0.0000000000
44030  -18.767  -73.584  2.108 0.0000000000
44031  -18.026  -73.374  2.054 0.0000000000
44032  -17.974  -72.743  1.869 0.0000000000
44033  -17.178  -73.073  2.080 0.0000000000
44034  -9.389  -79.907  3.151 0.0000000000
44035  -9.738  -79.388  3.350 0.0000000000
44036  -8.845  -79.427  3.261 0.0000000000
44716  -12.426  -87.986  6.179 0.0000000000
44717  -12.816  -87.721  5.736 0.0000000000
44718  -12.914  -88.055  5.470 0.0000000000
44719  -12.267  -88.989  -0.354 0.0000000000
44720  -12.372  -88.587  0.037 0.0000000000
44721  -11.748  -88.859  -0.795 0.0000000000
44722  -11.268  -88.687  -1.264 0.0000000000
44723  -11.032  -89.207  -1.538 0.0000000000
46426  -18.728  -74.876  8.243 0.0000000000
46427  -19.154  -74.926  7.671 0.0000000000
46428  -18.751  -75.337  7.875 0.0000000000
46429  -17.362  -77.658  5.710 0.0000000000
46430  -17.918  -77.309  5.526 0.0000000000
46431  -17.494  -77.388  5.116 0.0000000000
46432  -17.640  -77.074  4.504 0.0000000000
46433  -17.044  -77.351  4.703 0.0000000000
48226  -13.643  -81.347  10.863 0.0000000000
48227  -14.048  -81.360  10.228 0.0000000000
48228  -13.915  -81.773  10.243 0.0000000000
48229  -13.809  -83.269  5.000 0.0000000000
48230  -13.831  -82.965  5.226 0.0000000000
48231  -13.429  -82.904  4.503 0.0000000000
48232  -13.041  -82.537  4.036 0.0000000000
48233  -12.918  -82.837  3.819 0.0000000000
48234  -12.823  -85.812  2.480 0.0000000000
48235  -12.921  -85.487  2.771 0.0000000000
48236  -12.489  -85.512  1.940 0.0000000000
48237  -8.019  -84.304  0.496 0.0000000000
48238  -8.780  -84.087  0.733 0.0000000000
48239  -8.136  -83.873  0.952 0.0000000000
48240  -8.298  -83.357  1.347 0.0000000000
49576  -14.701  -93.665  1.476 0.0000000000
49577  -15.055  -93.147  0.592 0.0000000000
49578  -15.262  -93.394  0.305 0.0000000000
49580  -13.835  -94.344  -6.503 0.0000000000
52150  -18.244  -68.841  7.644 0.0000000000
52151  -18.666  -68.557  7.776 0.0000000000
52152  -18.588  -69.016  7.816 0.0000000000
52153  -18.951  -69.188  8.061 0.0000000000
52154  -18.537  -69.481  8.047 0.0000000000
52155  -18.491  -70.080  8.279 0.0000000000
52156  -18.096  -69.764  8.108 0.0000000000
52157  -14.863  -71.441  9.827 0.0000000000
52158  -15.376  -71.861  9.986 0.0000000000
52159  -14.915  -72.181  10.414 0.0000000000
52160  -15.038  -72.992  10.867 0.0000000000
52161  -14.477  -72.479  10.855 0.0000000000
52173  -9.889  -67.875  9.344 0.0000000000
52175  -10.675  -67.723  9.373 0.0000000000
52177  -10.909  -67.964  8.714 0.0000000000
52178  -11.270  -68.445  8.438 0.0000000000
52179  -10.601  -68.694  8.648 0.0000000000
52180  -10.231  -74.046  12.764 0.0000000000
52181  -10.758  -73.542  12.481 0.0000000000
52182  -10.886  -74.489  12.925 0.0000000000
52183  -11.572  -74.995  12.950 0.0000000000
52184  -11.087  -75.544  13.142 0.0000000000
52185  -11.427  -76.574  13.110 0.0000000000
52186  -10.721  -76.142  13.185 0.0000000000
52187  -8.710  -79.116  12.174 0.0000000000
52188  -9.342  -79.451  12.247 0.0000000000
52189  -9.189  -79.974  12.217 0.0000000000
52190  -9.635  -80.857  12.222 0.0000000000
52191  -9.012  -80.530  12.131 0.0000000000
52195  -7.236  -84.741  11.470 0.0000000000
52196  -7.381  -83.970  11.692 0.0000000000
52197  -7.779  -84.796  11.433 0.0000000000
52198  -8.435  -84.845  11.488 0.0000000000
52199  -8.172  -85.481  11.045 0.0000000000
52200  -8.646  -86.070  10.523 0.0000000000
52201  -8.096  -86.090  10.638 0.0000000000
52202  -7.148  -89.431  8.040 0.0000000000
52203  -7.905  -89.299  7.967 0.0000000000
52204  -7.913  -89.819  7.666 0.0000000000
52205  -8.654  -90.096  7.468 0.0000000000
52206  -7.961  -90.319  7.427 0.0000000000
52270  -7.839  -94.603  7.907 0.0000000000
52271  -7.701  -93.943  7.952 0.0000000000
52272  -8.518  -94.266  7.655 0.0000000000
52273  -9.212  -93.887  7.413 0.0000000000
52274  -9.395  -94.578  7.246 0.0000000000
52275  -10.213  -94.781  6.738 0.0000000000
52276  -9.487  -95.169  7.003 0.0000000000
52278  -9.685  -98.235  5.046 0.0000000000
52279  -9.773  -98.635  4.623 0.0000000000
52280  -10.571  -98.507  3.932 0.0000000000
53359  -25.097  -69.205  5.624 0.0000000000
53360  -25.326  -68.476  5.857 0.0000000000
53361  -25.449  -68.750  5.311 0.0000000000
53362  -25.737  -68.238  5.047 0.0000000000
53363  -25.483  -68.961  4.777 0.0000000000
53364  -21.560  -74.352  4.805 0.0000000000
53365  -22.133  -73.768  4.748 0.0000000000
53366  -21.938  -73.967  4.351 0.0000000000
53368  -23.284  -70.851  2.219 0.0000000000
53379  -14.860  -80.566  5.955 0.0000000000
53380  -15.132  -80.286  5.944 0.0000000000
53381  -14.620  -80.207  5.365 0.0000000000
53382  -12.205  -76.778  3.666 0.0000000000
53383  -12.907  -76.998  3.740 0.0000000000
53384  -12.688  -76.425  3.566 0.0000000000
53385  -13.227  -76.053  3.470 0.0000000000
53386  -12.398  -75.844  3.419 0.0000000000
53393  -10.466  -71.939  2.840 0.0000000000
53424  -12.659  -92.267  -4.125 0.0000000000
53425  -12.636  -91.991  -3.592 0.0000000000
53426  -11.825  -92.456  -4.454 0.0000000000
54316  -12.975  -89.426  5.102 0.0000000000
54317  -13.239  -89.108  4.534 0.0000000000
54318  -13.316  -89.483  4.221 0.0000000000
54319  -13.579  -89.802  2.103 0.0000000000
54320  -13.555  -89.483  2.294 0.0000000000
54321  -13.487  -89.464  1.320 0.0000000000
54322  -13.207  -89.218  0.687 0.0000000000
54323  -13.182  -89.546  0.280 0.0000000000
56026  -16.936  -76.383  9.573 0.0000000000
56027  -17.365  -76.492  8.895 0.0000000000
56028  -16.949  -76.899  9.222 0.0000000000
56029  -16.492  -78.200  8.592 0.0000000000
56030  -16.838  -77.769  8.362 0.0000000000
56031  -16.752  -78.153  7.831 0.0000000000
56032  -17.037  -78.062  7.053 0.0000000000
56033  -16.623  -78.502  7.234 0.0000000000
57826  -13.119  -83.238  10.579 0.0000000000
57827  -13.598  -83.115  9.981 0.0000000000
57828  -13.529  -83.630  9.742 0.0000000000
57829  -13.775  -84.414  7.573 0.0000000000
57830  -13.845  -84.016  7.846 0.0000000000
57831  -13.920  -84.104  6.856 0.0000000000
57832  -13.991  -83.838  6.226 0.0000000000
57833  -13.882  -84.161  5.967 0.0000000000
57834  -10.497  -86.380  -0.787 0.0000000000
57835  -10.578  -85.982  -0.464 0.0000000000
57836  -9.879  -86.201  -1.006 0.0000000000
57837  -7.553  -86.394  -1.060 0.0000000000
57838  -8.331  -86.044  -0.823 0.0000000000
57839  -7.626  -85.897  -0.669 0.0000000000
57840  -7.803  -85.309  -0.223 0.0000000000
59176  -15.322  -95.022  0.161 0.0000000000
59177  -15.742  -94.372  -0.719 0.0000000000
59178  -15.874  -94.749  -1.054 0.0000000000
59179  -16.688  -94.948  -4.142 0.0000000000
59180  -16.487  -94.551  -3.779 0.0000000000
59181  -16.244  -94.637  -5.038 0.0000000000
59182  -15.618  -94.495  -5.787 0.0000000000
59183  -15.849  -94.823  -6.271 0.0000000000
61752  -17.234  -68.159  7.633 0.0000000000
61753  -17.624  -68.378  7.402 0.0000000000
61754  -17.186  -68.574  7.265 0.0000000000
61755  -17.048  -69.079  7.391 0.0000000000
61756  -16.675  -68.748  7.213 0.0000000000
61757  -15.107  -68.875  7.184 0.0000000000
61758  -15.541  -69.307  7.415 0.0000000000
61759  -15.029  -69.598  7.666 0.0000000000
61760  -14.952  -70.229  8.430 0.0000000000
61761  -14.489  -69.886  8.036 0.0000000000
61773  -6.828  -69.147  10.014 0.0000000000
61775  -7.542  -68.693  9.668 0.0000000000
61776  -8.320  -68.315  9.498 0.0000000000
61777  -8.113  -69.176  9.658 0.0000000000
61778  -8.710  -69.730  9.821 0.0000000000
61779  -8.044  -70.036  10.162 0.0000000000
61780  -7.405  -72.272  11.645 0.0000000000
61781  -8.047  -71.773  11.389 0.0000000000
61782  -8.155  -72.684  11.950 0.0000000000
61783  -8.874  -73.106  12.225 0.0000000000
61784  -8.342  -73.705  12.435 0.0000000000
61785  -8.605  -74.805  12.706 0.0000000000
61786  -7.911  -74.343  12.441 0.0000000000
61787  -6.559  -75.210  12.014 0.0000000000
61788  -7.248  -75.591  12.192 0.0000000000
61789  -7.130  -76.240  12.078 0.0000000000
61790  -7.708  -77.252  12.079 0.0000000000
61791  -7.017  -76.910  11.952 0.0000000000
61797  -5.888  -84.363  11.540 0.0000000000
61798  -6.306  -84.492  11.467 0.0000000000
61799  -6.158  -85.229  11.078 0.0000000000
61800  -6.475  -85.992  10.610 0.0000000000
61801  -5.959  -85.909  10.632 0.0000000000
61805  -5.743  -88.350  8.995 0.0000000000
61873  -6.848  -95.260  8.293 0.0000000000
61874  -6.997  -96.023  8.079 0.0000000000
61875  -7.619  -96.278  7.712 0.0000000000
61876  -7.018  -96.675  7.864 0.0000000000
62956  -23.006  -68.541  8.058 0.0000000000
62957  -23.446  -68.372  7.909 0.0000000000
62958  -23.284  -69.056  7.792 0.0000000000
62959  -23.404  -70.651  6.820 0.0000000000
62960  -23.743  -69.995  7.024 0.0000000000
62961  -23.888  -70.333  6.573 0.0000000000
62962  -24.308  -70.035  6.256 0.0000000000
62963  -23.983  -70.702  6.058 0.0000000000
62964  -20.430  -74.683  3.101 0.0000000000
62965  -21.002  -74.224  3.119 0.0000000000
62966  -20.542  -74.172  2.749 0.0000000000
62967  -20.103  -72.800  1.921 0.0000000000
62968  -20.645  -72.971  2.115 0.0000000000
62969  -20.766  -72.328  1.842 0.0000000000
62970  -21.450  -71.882  1.867 0.0000000000
62979  -12.477  -80.152  3.938 0.0000000000
62980  -12.815  -79.701  4.109 0.0000000000
62981  -12.039  -79.647  3.804 0.0000000000
62982  -10.362  -78.503  3.598 0.0000000000
62983  -11.209  -78.598  3.627 0.0000000000
62984  -10.830  -78.045  3.652 0.0000000000
62985  -11.329  -77.604  3.659 0.0000000000
62986  -10.458  -77.510  3.666 0.0000000000
65026  -12.314  -86.596  7.809 0.0000000000
65027  -12.806  -86.293  7.222 0.0000000000
65028  -12.689  -86.686  6.837 0.0000000000
65029  -13.241  -87.124  4.737 0.0000000000
65030  -13.257  -86.788  5.052 0.0000000000
65031  -13.314  -86.820  4.197 0.0000000000
65032  -13.282  -86.526  3.684 0.0000000000
65033  -13.248  -86.841  3.305 0.0000000000
65034  -13.491  -88.403  3.406 0.0000000000
65035  -13.457  -88.064  3.686 0.0000000000
65036  -13.443  -88.097  2.779 0.0000000000
65037  -12.585  -87.789  0.695 0.0000000000
65038  -12.986  -87.637  1.707 0.0000000000
65039  -12.621  -87.398  1.013 0.0000000000
65040  -12.658  -87.010  1.378 0.0000000000
65041  -12.173  -87.161  0.458 0.0000000000
65042  -11.710  -86.904  -0.023 0.0000000000
65043  -11.643  -87.342  -0.368 0.0000000000
65044  -10.032  -88.381  -2.070 0.0000000000
65045  -10.234  -87.830  -1.769 0.0000000000
65046  -9.355  -88.215  -2.395 0.0000000000
65047  -8.584  -88.205  -2.412 0.0000000000
65048  -8.396  -88.802  -2.751 0.0000000000
68985  -3.666  -72.284  12.373 0.0000000000
70156  -20.363  -73.023  7.576 0.0000000000
70157  -20.865  -73.014  7.220 0.0000000000
70158  -20.455  -73.574  7.226 0.0000000000
70159  -20.026  -74.936  6.643 0.0000000000
70160  -20.477  -74.468  6.530 0.0000000000
70161  -20.423  -74.872  6.191 0.0000000000
70162  -20.816  -74.749  5.747 0.0000000000
70163  -20.374  -75.194  5.817 0.0000000000
70164  -18.227  -76.516  7.468 0.0000000000
70165  -18.673  -76.164  7.228 0.0000000000
70166  -18.592  -76.497  6.840 0.0000000000
70167  -18.996  -76.570  5.237 0.0000000000
70168  -19.301  -76.338  5.653 0.0000000000
70169  -19.523  -76.185  5.070 0.0000000000
70170  -20.059  -75.735  5.009 0.0000000000
70171  -19.812  -75.947  4.543 0.0000000000
70172  -20.069  -75.575  4.022 0.0000000000
70173  -19.476  -75.998  4.075 0.0000000000
70174  -17.941  -76.158  3.471 0.0000000000
70175  -18.614  -75.819  3.285 0.0000000000
70176  -18.015  -75.641  3.115 0.0000000000
70177  -18.011  -75.101  2.830 0.0000000000
70178  -17.364  -75.405  3.032 0.0000000000
75556  -14.401  -79.709  10.897 0.0000000000
75557  -14.852  -79.800  10.360 0.0000000000
75558  -14.622  -80.186  10.270 0.0000000000
75559  -14.684  -81.284  8.891 0.0000000000
75560  -14.914  -80.949  8.875 0.0000000000
75561  -14.905  -81.162  8.151 0.0000000000
75562  -15.024  -80.998  7.482 0.0000000000
75563  -14.797  -81.282  7.405 0.0000000000
75564  -14.139  -82.902  8.617 0.0000000000
75565  -14.222  -82.485  8.717 0.0000000000
75566  -14.217  -82.717  7.845 0.0000000000
75567  -13.895  -82.247  5.471 0.0000000000
75568  -14.208  -82.178  6.263 0.0000000000
75569  -13.998  -81.864  5.617 0.0000000000
75570  -14.183  -81.433  5.766 0.0000000000
75571  -13.789  -81.467  5.049 0.0000000000
75572  -13.442  -81.120  4.551 0.0000000000
75573  -13.300  -81.506  4.428 0.0000000000
75574  -11.948  -81.732  3.405 0.0000000000
75575  -12.069  -81.371  3.553 0.0000000000
75576  -11.347  -81.277  3.253 0.0000000000
75577  -10.677  -80.868  3.171 0.0000000000
75578  -10.539  -81.288  2.992 0.0000000000
75579  -13.394  -85.758  6.034 0.0000000000
75580  -13.504  -85.469  6.471 0.0000000000
75581  -13.503  -85.485  5.456 0.0000000000
75582  -13.190  -84.789  3.384 0.0000000000
75583  -13.494  -84.841  4.252 0.0000000000
75584  -13.340  -84.454  3.726 0.0000000000
75585  -13.445  -84.150  4.123 0.0000000000
75586  -13.052  -84.033  3.189 0.0000000000
75587  -10.787  -85.143  0.333 0.0000000000
75588  -11.529  -84.918  0.991 0.0000000000
75589  -10.967  -84.642  0.733 0.0000000000
75590  -10.455  -83.607  1.430 0.0000000000
75591  -11.106  -83.829  1.484 0.0000000000
75592  -11.243  -83.439  1.843 0.0000000000
75593  -12.040  -83.403  2.384 0.0000000000
75594  -11.440  -83.100  2.236 0.0000000000
75595  -11.572  -82.738  2.601 0.0000000000
75596  -10.726  -82.805  2.179 0.0000000000
75597  -8.512  -82.443  2.086 0.0000000000
75598  -9.322  -82.240  2.302 0.0000000000
75599  -8.640  -81.979  2.360 0.0000000000
75600  -8.808  -81.476  2.606 0.0000000000
79606  -13.747  -92.334  2.744 0.0000000000
79607  -14.031  -91.903  1.895 0.0000000000
79608  -14.237  -92.247  1.504 0.0000000000
79609  -15.181  -92.368  -1.288 0.0000000000
79610  -14.905  -92.127  -0.988 0.0000000000
79611  -14.822  -92.200  -2.185 0.0000000000
79612  -14.288  -92.076  -2.936 0.0000000000
79613  -14.469  -92.289  -3.313 0.0000000000
79614  -15.968  -93.278  -2.589 0.0000000000
79615  -15.866  -92.954  -2.235 0.0000000000
79616  -15.603  -93.083  -3.457 0.0000000000
79617  -13.473  -93.664  -5.846 0.0000000000
79618  -14.272  -93.097  -4.982 0.0000000000
79619  -13.276  -93.346  -5.535 0.0000000000
79620  -13.083  -93.070  -5.246 0.0000000000
79621  -12.330  -93.649  -5.982 0.0000000000
79622  -11.451  -93.959  -6.372 0.0000000000
79623  -11.671  -94.253  -6.628 0.0000000000
87314  -22.266  -66.199  8.674 0.0000000000
87315  -22.491  -66.985  8.543 0.0000000000
87316  -22.147  -66.846  8.605 0.0000000000
87317  -21.464  -67.845  8.512 0.0000000000
87318  -21.808  -68.043  8.498 0.0000000000
87319  -21.547  -68.616  8.422 0.0000000000
87320  -21.668  -69.410  8.202 0.0000000000
87321  -21.256  -69.185  8.352 0.0000000000
87333  -19.536  -67.795  8.015 0.0000000000
87334  -19.512  -67.288  8.268 0.0000000000
87335  -19.905  -67.389  8.204 0.0000000000
87336  -20.256  -66.917  8.478 0.0000000000
87337  -20.266  -67.526  8.186 0.0000000000
87338  -20.561  -67.575  8.296 0.0000000000
87339  -20.201  -68.052  8.214 0.0000000000
87340  -19.706  -69.651  8.360 0.0000000000
87341  -20.108  -69.272  8.419 0.0000000000
87342  -20.150  -69.981  8.357 0.0000000000
87343  -20.611  -70.280  8.227 0.0000000000
87344  -20.232  -70.716  8.210 0.0000000000
87345  -20.389  -71.526  8.022 0.0000000000
87346  -19.902  -71.171  8.209 0.0000000000
87347  -18.638  -71.680  8.600 0.0000000000
87348  -19.111  -72.032  8.428 0.0000000000
87349  -18.656  -72.486  8.658 0.0000000000
87350  -18.717  -73.317  8.647 0.0000000000
87351  -18.253  -72.947  8.943 0.0000000000
87352  -16.723  -70.186  8.221 0.0000000000
87353  -17.131  -70.491  8.495 0.0000000000
87354  -16.684  -70.849  8.800 0.0000000000
87355  -16.447  -72.798  10.063 0.0000000000
87356  -16.835  -72.433  9.654 0.0000000000
87357  -16.942  -73.278  9.809 0.0000000000
87358  -17.448  -73.734  9.515 0.0000000000
87359  -17.012  -74.096  9.861 0.0000000000
87360  -17.071  -74.881  9.882 0.0000000000
87361  -16.611  -74.498  10.241 0.0000000000
87362  -15.223  -74.672  11.266 0.0000000000
87363  -15.716  -75.170  10.959 0.0000000000
87364  -15.291  -75.576  11.277 0.0000000000
87365  -15.344  -76.438  11.143 0.0000000000
87366  -14.895  -76.023  11.551 0.0000000000
87413  -13.967  -67.758  8.274 0.0000000000
87414  -13.307  -67.837  8.155 0.0000000000
87415  -12.360  -69.516  8.523 0.0000000000
87416  -12.941  -69.234  8.063 0.0000000000
87417  -12.876  -69.930  8.839 0.0000000000
87418  -13.367  -70.356  9.142 0.0000000000
87419  -12.822  -70.596  9.648 0.0000000000
87420  -9.993  -70.616  10.442 0.0000000000
87421  -10.567  -70.271  10.024 0.0000000000
87422  -10.552  -71.027  10.705 0.0000000000
87423  -11.773  -72.678  11.768 0.0000000000
87424  -11.739  -71.886  11.155 0.0000000000
87425  -12.290  -72.278  11.401 0.0000000000
87426  -12.914  -71.973  11.002 0.0000000000
87427  -12.938  -72.717  11.579 0.0000000000
87428  -13.550  -73.142  11.683 0.0000000000
87429  -13.036  -73.574  12.053 0.0000000000
87430  -12.925  -75.978  12.715 0.0000000000
87431  -13.355  -75.492  12.446 0.0000000000
87432  -13.560  -76.432  12.421 0.0000000000
87433  -14.156  -76.939  12.042 0.0000000000
87434  -13.773  -77.381  12.245 0.0000000000
87435  -14.003  -78.315  11.961 0.0000000000
87436  -13.435  -77.844  12.360 0.0000000000
87437  -12.152  -78.406  12.716 0.0000000000
87438  -12.808  -78.800  12.381 0.0000000000
87439  -12.534  -79.251  12.272 0.0000000000
87440  -12.859  -80.027  11.831 0.0000000000
87441  -12.305  -79.746  12.198 0.0000000000
87442  -9.350  -76.939  12.639 0.0000000000
87443  -10.064  -77.309  12.798 0.0000000000
87444  -9.822  -77.907  12.514 0.0000000000
87445  -10.661  -80.117  12.414 0.0000000000
87446  -10.820  -79.616  12.458 0.0000000000
87447  -11.338  -80.438  12.363 0.0000000000
87448  -12.040  -80.742  12.191 0.0000000000
87449  -11.827  -81.227  12.162 0.0000000000
87450  -12.283  -81.944  11.860 0.0000000000
87451  -11.630  -81.699  12.171 0.0000000000
87452  -10.682  -82.581  12.176 0.0000000000
87453  -11.331  -82.827  11.961 0.0000000000
87454  -11.212  -83.338  11.800 0.0000000000
87455  -11.736  -84.006  11.205 0.0000000000
87456  -11.104  -83.836  11.536 0.0000000000
87457  -4.074  -74.263  11.945 0.0000000000
87458  -4.565  -74.417  11.736 0.0000000000
87459  -4.412  -75.275  11.794 0.0000000000
87460  -5.421  -77.994  11.935 0.0000000000
87461  -5.435  -77.160  11.825 0.0000000000
87462  -6.101  -78.126  11.935 0.0000000000
87463  -6.772  -78.278  11.996 0.0000000000
87464  -6.762  -79.043  12.019 0.0000000000
87467  -6.232  -81.344  12.030 0.0000000000
87468  -7.620  -82.315  11.942 0.0000000000
87469  -7.202  -81.386  11.968 0.0000000000
87470  -7.698  -81.536  11.960 0.0000000000
87471  -7.801  -80.820  11.975 0.0000000000
87472  -8.211  -81.682  11.928 0.0000000000
87473  -8.776  -81.855  12.046 0.0000000000
87474  -8.698  -82.591  12.066 0.0000000000
87475  -9.546  -84.759  11.221 0.0000000000
87476  -9.693  -84.165  11.589 0.0000000000
87477  -10.126  -84.805  11.063 0.0000000000
87478  -10.787  -84.872  10.853 0.0000000000
87479  -10.664  -85.407  10.467 0.0000000000
87480  -11.225  -85.894  9.731 0.0000000000
87481  -10.545  -85.891  10.058 0.0000000000
87482  -9.863  -86.926  9.289 0.0000000000
87483  -10.503  -86.852  9.077 0.0000000000
87484  -10.518  -87.287  8.579 0.0000000000
87485  -11.185  -87.511  7.786 0.0000000000
87486  -10.557  -87.686  8.113 0.0000000000
87487  -7.313  -87.140  9.833 0.0000000000
87488  -7.899  -87.172  9.763 0.0000000000
87489  -7.837  -87.635  9.323 0.0000000000
87490  -9.373  -88.900  7.692 0.0000000000
87491  -9.208  -88.475  7.952 0.0000000000
87492  -10.024  -88.701  7.498 0.0000000000
87493  -10.647  -88.482  7.350 0.0000000000
87494  -10.911  -88.904  7.130 0.0000000000
87495  -11.724  -89.080  6.573 0.0000000000
87496  -11.023  -89.297  6.984 0.0000000000
87497  -10.448  -90.395  6.897 0.0000000000
87498  -11.281  -90.162  6.595 0.0000000000
87499  -11.421  -90.686  6.407 0.0000000000
87500  -12.255  -90.835  5.681 0.0000000000
87501  -11.632  -91.158  6.242 0.0000000000
87693  -7.127  -92.690  7.709 0.0000000000
87694  -6.322  -92.502  7.966 0.0000000000
87695  -6.817  -92.140  7.675 0.0000000000
87696  -6.701  -91.612  7.467 0.0000000000
87697  -7.501  -91.761  7.389 0.0000000000
87698  -8.185  -91.378  7.177 0.0000000000
87699  -8.343  -91.918  7.318 0.0000000000
87700  -10.677  -93.123  6.792 0.0000000000
87701  -10.378  -92.500  6.846 0.0000000000
87702  -11.383  -92.650  6.349 0.0000000000
87703  -12.038  -92.139  5.904 0.0000000000
87704  -12.216  -92.690  5.737 0.0000000000
87705  -12.789  -92.608  4.897 0.0000000000
87706  -12.265  -93.167  5.523 0.0000000000
87707  -11.716  -94.767  5.278 0.0000000000
87708  -12.330  -94.176  4.796 0.0000000000
87709  -12.422  -94.603  4.471 0.0000000000
87710  -13.134  -94.245  3.547 0.0000000000
87711  -12.536  -94.908  4.234 0.0000000000
87712  -8.779  -96.562  6.738 0.0000000000
87713  -9.549  -96.135  6.447 0.0000000000
87714  -9.499  -96.681  6.160 0.0000000000
87715  -11.299  -97.168  4.481 0.0000000000
87716  -11.225  -96.664  4.784 0.0000000000
87717  -12.115  -96.482  4.092 0.0000000000
87718  -12.811  -95.753  3.579 0.0000000000
87719  -12.972  -96.181  3.333 0.0000000000
87720  -13.838  -95.834  2.424 0.0000000000
87721  -13.079  -96.608  3.068 0.0000000000
87722  -12.267  -97.897  2.385 0.0000000000
87723  -13.085  -97.297  2.113 0.0000000000
87724  -13.116  -97.551  1.561 0.0000000000
87725  -13.992  -97.190  0.576 0.0000000000
90954  -24.364  -67.846  7.584 0.0000000000
90955  -24.447  -67.047  7.736 0.0000000000
90956  -24.788  -67.488  7.356 0.0000000000
90957  -25.608  -66.954  6.347 0.0000000000
90958  -25.407  -66.612  6.790 0.0000000000
90959  -25.678  -66.132  6.585 0.0000000000
90963  -26.192  -65.870  5.907 0.0000000000
90964  -26.266  -67.054  4.560 0.0000000000
90965  -26.479  -66.263  4.877 0.0000000000
90966  -26.459  -66.431  4.309 0.0000000000
90969  -21.873  -73.040  6.414 0.0000000000
90970  -22.332  -72.527  6.439 0.0000000000
90971  -22.364  -72.883  6.001 0.0000000000
90972  -23.144  -72.635  4.765 0.0000000000
90973  -23.206  -72.380  5.233 0.0000000000
90974  -23.606  -72.053  4.842 0.0000000000
90975  -24.046  -71.414  5.027 0.0000000000
90976  -23.996  -71.625  4.512 0.0000000000
90977  -22.141  -73.132  3.058 0.0000000000
90978  -22.513  -73.077  3.454 0.0000000000
90979  -22.756  -72.609  3.075 0.0000000000
90980  -24.184  -70.835  2.915 0.0000000000
90981  -23.926  -71.398  3.258 0.0000000000
90982  -24.442  -70.762  3.362 0.0000000000
90983  -24.645  -70.617  3.845 0.0000000000
90984  -24.933  -70.069  3.509 0.0000000000
90985  -25.375  -69.301  3.724 0.0000000000
90986  -25.220  -69.453  3.263 0.0000000000
90988  -25.545  -68.164  2.790 0.0000000000
91014  -15.473  -79.827  8.981 0.0000000000
91015  -15.706  -79.447  8.950 0.0000000000
91016  -15.715  -79.808  8.282 0.0000000000
91017  -15.557  -79.574  5.948 0.0000000000
91018  -15.865  -79.498  6.663 0.0000000000
91019  -15.767  -79.192  5.929 0.0000000000
91020  -16.035  -78.748  5.995 0.0000000000
91021  -15.648  -78.774  5.387 0.0000000000
91022  -13.397  -78.997  4.185 0.0000000000
91023  -13.952  -79.192  4.444 0.0000000000
91024  -13.701  -78.655  4.206 0.0000000000
91025  -14.213  -77.405  4.041 0.0000000000
91026  -14.333  -77.954  4.240 0.0000000000
91027  -14.861  -77.646  4.237 0.0000000000
91028  -15.477  -77.832  4.563 0.0000000000
91029  -15.465  -77.307  4.171 0.0000000000
91030  -15.986  -77.008  4.060 0.0000000000
91031  -15.340  -76.778  3.874 0.0000000000
91032  -14.457  -75.466  3.226 0.0000000000
91033  -15.245  -75.761  3.292 0.0000000000
91034  -15.094  -75.196  3.053 0.0000000000
91035  -15.853  -74.933  2.947 0.0000000000
91036  -14.933  -74.643  2.882 0.0000000000
91042  -8.578  -76.319  3.810 0.0000000000
91043  -9.523  -76.457  3.694 0.0000000000
91044  -9.034  -75.791  3.692 0.0000000000
91048  -9.424  -73.421  3.392 0.0000000000
91049  -8.843  -73.900  3.622 0.0000000000
91050  -9.762  -74.135  3.333 0.0000000000
91051  -10.170  -74.834  3.348 0.0000000000
91052  -10.757  -74.389  3.181 0.0000000000
91053  -11.766  -74.650  3.112 0.0000000000
91054  -11.390  -73.992  2.976 0.0000000000
91055  -12.437  -72.682  2.559 0.0000000000
91056  -12.768  -73.297  2.669 0.0000000000
91057  -13.432  -73.056  2.534 0.0000000000
91058  -14.432  -73.429  2.530 0.0000000000
91059  -14.226  -72.809  2.384 0.0000000000
91060  -15.152  -72.557  2.181 0.0000000000
91061  -14.001  -72.121  2.280 0.0000000000
91149  -14.167  -91.301  0.247 0.0000000000
91150  -13.939  -90.896  0.756 0.0000000000
91151  -13.929  -90.984  -0.372 0.0000000000
91152  -12.339  -91.236  -2.540 0.0000000000
91153  -12.919  -90.776  -1.578 0.0000000000
91154  -12.217  -90.731  -2.081 0.0000000000
91155  -12.086  -90.258  -1.730 0.0000000000
91156  -11.368  -90.765  -2.495 0.0000000000
91161  -8.957  -92.115  -4.236 0.0000000000
91162  -8.935  -91.488  -3.810 0.0000000000
91163  -9.752  -90.922  -3.097 0.0000000000
91164  -9.032  -90.887  -3.501 0.0000000000
91165  -9.293  -90.277  -3.100 0.0000000000
91166  -8.352  -90.824  -3.841 0.0000000000
92494  -13.126  -90.242  4.510 0.0000000000
92495  -13.365  -89.852  3.935 0.0000000000
92496  -13.427  -90.203  3.654 0.0000000000
92497  -13.592  -90.166  2.701 0.0000000000
92498  -13.639  -90.149  1.680 0.0000000000
93520  -16.117  -77.168  10.153 0.0000000000
93521  -16.537  -77.275  9.540 0.0000000000
93522  -16.152  -77.705  9.760 0.0000000000
93523  -16.182  -78.203  9.294 0.0000000000
93524  -16.213  -78.670  8.700 0.0000000000
94600  -12.841  -84.192  10.156 0.0000000000
94601  -13.395  -84.084  9.542 0.0000000000
94602  -13.223  -84.526  9.269 0.0000000000
94603  -13.534  -84.716  8.251 0.0000000000
94604  -13.695  -84.799  7.241 0.0000000000
94605  -8.903  -87.124  -1.684 0.0000000000
94606  -8.968  -86.633  -1.300 0.0000000000
94607  -8.070  -87.065  -1.570 0.0000000000
94608  -7.375  -86.921  -1.430 0.0000000000
95410  -15.473  -95.849  -0.649 0.0000000000
95411  -16.028  -95.197  -1.547 0.0000000000
95412  -16.226  -95.581  -1.975 0.0000000000
95413  -16.760  -95.410  -3.245 0.0000000000
95414  -16.783  -95.274  -4.628 0.0000000000
96956  -16.366  -67.943  7.725 0.0000000000
96957  -16.254  -68.379  7.190 0.0000000000
96958  -15.811  -68.044  7.453 0.0000000000
96959  -15.255  -68.222  7.302 0.0000000000
96960  -14.715  -68.457  7.288 0.0000000000
96969  -6.102  -69.601  10.483 0.0000000000
96970  -6.698  -70.051  10.435 0.0000000000
96971  -7.352  -70.494  10.557 0.0000000000
96972  -6.645  -70.967  10.873 0.0000000000
96973  -6.677  -71.890  11.342 0.0000000000
96974  -6.829  -72.900  11.818 0.0000000000
96975  -7.153  -73.923  12.165 0.0000000000
96976  -6.404  -73.569  11.894 0.0000000000
96977  -6.088  -74.216  11.893 0.0000000000
96978  -5.869  -74.903  11.834 0.0000000000
97678  -22.503  -69.852  7.813 0.0000000000
97679  -23.026  -69.728  7.641 0.0000000000
97680  -22.694  -70.385  7.472 0.0000000000
97681  -22.898  -70.881  7.063 0.0000000000
97682  -23.047  -71.301  6.644 0.0000000000
97683  -19.428  -74.377  2.514 0.0000000000
97684  -20.004  -74.021  2.456 0.0000000000
97685  -19.431  -73.803  2.247 0.0000000000
97686  -19.460  -73.227  2.003 0.0000000000
97687  -19.478  -72.590  1.760 0.0000000000
97692  -11.039  -79.984  3.466 0.0000000000
97693  -11.285  -79.557  3.582 0.0000000000
97694  -10.528  -79.393  3.418 0.0000000000
97695  -10.022  -78.927  3.502 0.0000000000
97696  -9.510  -78.437  3.592 0.0000000000
98920  -12.300  -87.236  6.902 0.0000000000
98921  -12.659  -87.009  6.503 0.0000000000
98922  -12.723  -87.368  6.094 0.0000000000
98923  -13.055  -87.469  5.244 0.0000000000
98924  -13.264  -87.457  4.402 0.0000000000
98925  -13.227  -88.499  1.445 0.0000000000
98926  -13.250  -88.174  1.852 0.0000000000
98927  -12.914  -88.338  0.907 0.0000000000
98928  -12.489  -88.197  0.365 0.0000000000
98929  -12.059  -88.003  -0.188 0.0000000000
98930  -11.584  -87.772  -0.720 0.0000000000
98931  -11.456  -88.264  -0.955 0.0000000000
98932  -10.687  -88.551  -1.695 0.0000000000
98933  -9.836  -88.951  -2.302 0.0000000000
101998  -19.537  -73.953  7.852 0.0000000000
101999  -20.014  -74.014  7.357 0.0000000000
102000  -19.575  -74.470  7.505 0.0000000000
102001  -19.584  -74.939  7.156 0.0000000000
102002  -19.594  -75.347  6.798 0.0000000000
102003  -17.968  -77.222  6.593 0.0000000000
102004  -18.467  -76.806  6.396 0.0000000000
102005  -18.248  -77.094  5.954 0.0000000000
102006  -18.448  -76.949  5.327 0.0000000000
102007  -18.650  -76.712  4.781 0.0000000000
102008  -18.863  -76.391  4.176 0.0000000000
102009  -18.255  -76.760  4.319 0.0000000000
102010  -17.795  -76.632  3.943 0.0000000000
102011  -17.264  -76.473  3.683 0.0000000000
105238  -13.940  -80.501  10.809 0.0000000000
105239  -14.404  -80.560  10.220 0.0000000000
105240  -14.205  -80.947  10.213 0.0000000000
105241  -14.419  -81.368  9.562 0.0000000000
105242  -14.505  -81.689  8.793 0.0000000000
105243  -14.125  -83.202  6.779 0.0000000000
105244  -14.170  -82.851  6.930 0.0000000000
105245  -14.076  -82.926  6.055 0.0000000000
105246  -13.855  -82.611  5.365 0.0000000000
105247  -13.533  -82.240  4.780 0.0000000000
105248  -13.172  -81.875  4.228 0.0000000000
105249  -13.091  -82.197  4.173 0.0000000000
105250  -12.523  -82.166  3.665 0.0000000000
105251  -11.824  -82.099  3.188 0.0000000000
105252  -13.344  -85.803  4.193 0.0000000000
105253  -13.388  -85.518  4.532 0.0000000000
105254  -13.204  -85.495  3.614 0.0000000000
105255  -13.038  -85.146  3.083 0.0000000000
105256  -12.796  -84.732  2.451 0.0000000000
105257  -9.392  -84.759  0.251 0.0000000000
105258  -10.212  -84.443  0.622 0.0000000000
105259  -9.546  -84.276  0.636 0.0000000000
105260  -9.666  -83.825  1.058 0.0000000000
105261  -9.733  -83.381  1.470 0.0000000000
105262  -9.846  -82.923  1.839 0.0000000000
105263  -9.097  -83.153  1.574 0.0000000000
105264  -8.422  -82.891  1.747 0.0000000000
107668  -14.133  -93.062  2.053 0.0000000000
107669  -14.477  -92.618  1.165 0.0000000000
107670  -14.771  -92.927  0.893 0.0000000000
107671  -15.208  -92.725  -0.323 0.0000000000
107672  -15.420  -92.574  -1.580 0.0000000000
107673  -15.289  -93.725  -4.988 0.0000000000
107674  -15.150  -93.347  -4.627 0.0000000000
107675  -14.573  -93.741  -5.646 0.0000000000
107676  -13.711  -93.972  -6.137 0.0000000000
107677  -12.812  -94.247  -6.566 0.0000000000
107678  -11.905  -94.539  -6.922 0.0000000000
112293  -21.888  -66.692  8.545 0.0000000000
112294  -21.622  -66.599  8.491 0.0000000000
112295  -21.405  -67.161  8.470 0.0000000000
112296  -21.158  -67.735  8.433 0.0000000000
112302  -18.489  -68.019  7.989 0.0000000000
112304  -18.833  -68.107  7.878 0.0000000000
112305  -19.178  -68.215  7.881 0.0000000000
112306  -19.468  -68.335  8.050 0.0000000000
112307  -19.805  -68.481  8.171 0.0000000000
112308  -19.360  -68.853  8.180 0.0000000000
112309  -19.322  -69.384  8.246 0.0000000000
112310  -19.344  -70.056  8.348 0.0000000000
112311  -19.462  -70.829  8.307 0.0000000000
112312  -18.947  -70.453  8.396 0.0000000000
112313  -18.508  -70.824  8.491 0.0000000000
112314  -18.130  -71.245  8.610 0.0000000000
112315  -15.780  -70.840  9.022 0.0000000000
112316  -16.249  -71.207  9.182 0.0000000000
112317  -15.808  -71.580  9.608 0.0000000000
112318  -15.902  -72.335  10.058 0.0000000000
112319  -15.993  -73.157  10.402 0.0000000000
112320  -16.124  -74.052  10.548 0.0000000000
112321  -15.582  -73.494  10.779 0.0000000000
112322  -15.165  -73.816  11.138 0.0000000000
112323  -14.726  -74.177  11.479 0.0000000000
112351  -12.373  -67.703  8.743 0.0000000000
112352  -12.647  -68.007  8.190 0.0000000000
112353  -11.967  -68.214  8.294 0.0000000000
112354  -11.773  -68.946  8.416 0.0000000000
112355  -11.742  -69.749  9.043 0.0000000000
112356  -10.023  -72.210  11.676 0.0000000000
112357  -10.597  -71.850  11.321 0.0000000000
112358  -10.664  -72.653  11.927 0.0000000000
112359  -11.279  -73.098  12.136 0.0000000000
112360  -11.893  -73.545  12.355 0.0000000000
112361  -12.547  -74.027  12.402 0.0000000000
112362  -12.062  -74.508  12.707 0.0000000000
112363  -12.265  -75.480  12.889 0.0000000000
112364  -12.504  -76.483  12.909 0.0000000000
112365  -12.816  -77.405  12.721 0.0000000000
112366  -12.113  -76.985  13.008 0.0000000000
112367  -11.799  -77.539  12.953 0.0000000000
112368  -11.508  -78.048  12.826 0.0000000000
112369  -8.999  -78.010  12.277 0.0000000000
112370  -9.631  -78.380  12.374 0.0000000000
112371  -9.487  -78.926  12.257 0.0000000000
112372  -9.979  -79.786  12.325 0.0000000000
112373  -10.514  -80.654  12.391 0.0000000000
112374  -10.992  -81.452  12.335 0.0000000000
112375  -10.332  -81.221  12.343 0.0000000000
112376  -10.145  -81.778  12.302 0.0000000000
112377  -9.981  -82.288  12.295 0.0000000000
112379  -4.288  -76.171  11.906 0.0000000000
112381  -4.822  -77.914  11.997 0.0000000000
112382  -5.558  -78.849  12.074 0.0000000000
112383  -6.588  -83.019  11.889 0.0000000000
112384  -6.732  -82.246  12.008 0.0000000000
112385  -7.054  -83.063  11.843 0.0000000000
112386  -7.543  -83.155  11.864 0.0000000000
112387  -8.070  -83.247  11.918 0.0000000000
112388  -8.623  -83.353  11.985 0.0000000000
112389  -8.530  -84.104  11.777 0.0000000000
112390  -8.966  -84.800  11.373 0.0000000000
112391  -9.377  -85.436  10.871 0.0000000000
112392  -9.901  -85.928  10.249 0.0000000000
112393  -9.275  -86.017  10.398 0.0000000000
112394  -9.213  -86.519  9.938 0.0000000000
112395  -9.174  -87.003  9.417 0.0000000000
112396  -7.142  -88.241  8.855 0.0000000000
112397  -7.819  -88.173  8.752 0.0000000000
112398  -7.873  -88.747  8.327 0.0000000000
112399  -8.700  -89.096  7.863 0.0000000000
112400  -9.435  -89.344  7.525 0.0000000000
112401  -10.236  -89.527  7.213 0.0000000000
112402  -9.468  -89.793  7.369 0.0000000000
112403  -9.545  -90.234  7.195 0.0000000000
112404  -9.625  -90.630  7.090 0.0000000000
112518  -6.542  -94.028  8.517 0.0000000000
112519  -6.237  -93.457  8.483 0.0000000000
112520  -6.975  -93.732  8.195 0.0000000000
112521  -7.448  -93.293  7.899 0.0000000000
112522  -8.020  -92.900  7.642 0.0000000000
112523  -8.621  -92.518  7.436 0.0000000000
112524  -8.952  -93.214  7.479 0.0000000000
112525  -9.933  -93.539  7.173 0.0000000000
112526  -10.856  -93.708  6.625 0.0000000000
112527  -11.618  -93.720  5.974 0.0000000000
112528  -10.953  -94.238  6.348 0.0000000000
112529  -10.994  -94.801  6.034 0.0000000000
112530  -11.022  -95.322  5.715 0.0000000000
112531  -8.733  -97.667  6.099 0.0000000000
112532  -9.530  -97.259  5.823 0.0000000000
112533  -9.590  -97.781  5.452 0.0000000000
112534  -10.440  -97.792  4.817 0.0000000000
112535  -11.353  -97.606  4.134 0.0000000000
112536  -12.280  -97.315  3.363 0.0000000000
112537  -11.438  -97.957  3.676 0.0000000000
112538  -11.409  -98.242  3.159 0.0000000000
114477  -24.827  -68.603  6.680 0.0000000000
114478  -25.010  -67.859  6.885 0.0000000000
114479  -25.182  -68.177  6.388 0.0000000000
114480  -25.523  -67.750  6.091 0.0000000000
114481  -25.782  -67.244  5.854 0.0000000000
114482  -26.083  -66.704  5.609 0.0000000000
114483  -25.929  -67.482  5.342 0.0000000000
114484  -26.017  -67.683  4.842 0.0000000000
114485  -26.005  -67.802  4.280 0.0000000000
114486  -21.845  -73.761  5.584 0.0000000000
114487  -22.348  -73.210  5.563 0.0000000000
114488  -22.300  -73.521  5.152 0.0000000000
114489  -22.647  -73.210  4.744 0.0000000000
114490  -23.037  -72.848  4.337 0.0000000000
114491  -22.582  -71.982  2.403 0.0000000000
114492  -23.006  -72.018  2.759 0.0000000000
114493  -23.225  -71.462  2.506 0.0000000000
114494  -23.814  -70.849  2.564 0.0000000000
114495  -24.369  -70.206  2.641 0.0000000000
114496  -24.925  -69.539  2.823 0.0000000000
114497  -24.531  -69.568  2.412 0.0000000000
114513  -15.423  -80.419  7.488 0.0000000000
114514  -15.605  -80.061  7.498 0.0000000000
114515  -15.421  -80.223  6.712 0.0000000000
114516  -15.355  -79.960  5.927 0.0000000000
114517  -15.099  -79.526  5.330 0.0000000000
114518  -12.836  -77.891  3.907 0.0000000000
114519  -13.428  -78.110  4.056 0.0000000000
114520  -13.129  -77.552  3.899 0.0000000000
114521  -13.580  -77.202  3.863 0.0000000000
114522  -14.116  -76.858  3.811 0.0000000000
114523  -14.655  -76.532  3.712 0.0000000000
114524  -13.943  -76.281  3.574 0.0000000000
114525  -13.800  -75.723  3.322 0.0000000000
114526  -13.611  -75.163  3.172 0.0000000000
114535  -9.105  -72.728  3.367 0.0000000000
114536  -10.110  -73.032  3.087 0.0000000000
114537  -11.088  -73.329  2.893 0.0000000000
114538  -10.721  -72.631  2.840 0.0000000000
114539  -11.443  -72.316  2.640 0.0000000000
114540  -12.115  -71.992  2.497 0.0000000000
114541  -12.935  -71.711  2.379 0.0000000000
114594  -13.833  -91.612  -2.159 0.0000000000
114595  -13.689  -91.232  -1.423 0.0000000000
114596  -13.257  -91.575  -2.574 0.0000000000
114597  -12.536  -91.647  -2.928 0.0000000000
114598  -11.663  -91.765  -3.344 0.0000000000
115978  -12.776  -88.737  5.644 0.0000000000
115979  -13.035  -88.431  5.173 0.0000000000
115980  -13.122  -88.763  4.854 0.0000000000
115981  -13.369  -88.766  4.013 0.0000000000
115982  -13.529  -88.768  3.092 0.0000000000
115983  -13.499  -89.497  3.269 0.0000000000
115984  -13.554  -89.134  2.685 0.0000000000
115985  -13.460  -88.763  2.030 0.0000000000
115986  -13.182  -88.869  1.063 0.0000000000
115987  -12.787  -89.042  0.125 0.0000000000
115988  -12.241  -89.342  -0.732 0.0000000000
118372  -17.798  -75.564  8.904 0.0000000000
118373  -18.277  -75.728  8.205 0.0000000000
118374  -17.803  -76.101  8.561 0.0000000000
118375  -17.803  -76.530  8.174 0.0000000000
118376  -17.752  -76.924  7.772 0.0000000000
118377  -16.908  -77.367  8.839 0.0000000000
118378  -17.270  -77.352  8.068 0.0000000000
118379  -17.650  -77.289  7.357 0.0000000000
118380  -17.483  -77.620  6.870 0.0000000000
118381  -17.199  -77.867  6.354 0.0000000000
118382  -16.868  -78.021  5.853 0.0000000000
120892  -13.356  -82.262  10.842 0.0000000000
120893  -13.786  -82.203  10.188 0.0000000000
120894  -13.679  -82.630  10.144 0.0000000000
120895  -13.877  -82.981  9.306 0.0000000000
120896  -14.020  -83.268  8.386 0.0000000000
120897  -13.705  -83.852  8.806 0.0000000000
120898  -13.927  -83.630  8.115 0.0000000000
120899  -14.134  -83.443  7.510 0.0000000000
120900  -14.068  -83.530  6.521 0.0000000000
120901  -13.944  -83.566  5.585 0.0000000000
120902  -13.718  -83.565  4.731 0.0000000000
120903  -11.819  -86.076  0.710 0.0000000000
120904  -11.860  -85.623  1.038 0.0000000000
120905  -11.221  -85.812  0.230 0.0000000000
120906  -10.645  -85.596  -0.088 0.0000000000
120907  -10.039  -85.374  -0.247 0.0000000000
120908  -9.089  -86.160  -0.960 0.0000000000
120909  -9.174  -85.692  -0.573 0.0000000000
120910  -9.285  -85.219  -0.126 0.0000000000
120911  -8.576  -85.057  -0.018 0.0000000000
120912  -7.969  -84.856  0.154 0.0000000000
122782  -15.094  -94.305  0.860 0.0000000000
122783  -15.417  -93.695  0.011 0.0000000000
122784  -15.573  -94.027  -0.336 0.0000000000
122785  -15.939  -93.764  -1.628 0.0000000000
122786  -16.086  -93.708  -2.970 0.0000000000
122787  -16.356  -94.596  -2.432 0.0000000000
122788  -16.268  -94.161  -3.362 0.0000000000
122789  -15.848  -93.870  -4.211 0.0000000000
122790  -15.434  -94.136  -5.346 0.0000000000
122791  -14.902  -94.547  -6.356 0.0000000000
126390  -18.059  -68.211  7.649 0.0000000000
126391  -17.925  -68.641  7.450 0.0000000000
126392  -17.841  -69.089  7.609 0.0000000000
126393  -17.735  -69.567  7.917 0.0000000000
126394  -17.392  -69.322  7.673 0.0000000000
126395  -16.875  -69.586  7.688 0.0000000000
126396  -16.375  -69.882  7.919 0.0000000000
126397  -16.086  -69.007  7.257 0.0000000000
126398  -15.978  -69.653  7.666 0.0000000000
126399  -15.898  -70.196  8.300 0.0000000000
126400  -15.399  -70.525  8.759 0.0000000000
126401  -14.873  -70.847  9.189 0.0000000000
126402  -14.388  -71.111  9.642 0.0000000000
126423  -9.110  -68.058  9.397 0.0000000000
126424  -9.512  -68.502  9.086 0.0000000000
126425  -9.971  -69.019  8.989 0.0000000000
126426  -9.350  -69.388  9.427 0.0000000000
126427  -9.392  -70.197  10.171 0.0000000000
126428  -9.379  -70.993  10.803 0.0000000000
126429  -8.020  -70.946  10.796 0.0000000000
126430  -8.691  -71.375  11.097 0.0000000000
126431  -9.387  -71.794  11.386 0.0000000000
126432  -9.477  -72.600  11.973 0.0000000000
126433  -9.552  -73.612  12.502 0.0000000000
126434  -9.728  -74.650  12.911 0.0000000000
126435  -10.019  -75.688  13.089 0.0000000000
126436  -9.305  -75.242  12.878 0.0000000000
126437  -8.947  -75.882  12.730 0.0000000000
126438  -8.670  -76.498  12.535 0.0000000000
126439  -7.544  -75.000  12.331 0.0000000000
126440  -7.979  -76.030  12.381 0.0000000000
126441  -8.501  -77.021  12.348 0.0000000000
126442  -8.399  -77.645  12.175 0.0000000000
126443  -8.230  -78.229  12.082 0.0000000000
126444  -8.110  -78.820  12.078 0.0000000000
126452  -6.105  -82.905  11.932 0.0000000000
126453  -6.439  -83.758  11.738 0.0000000000
126454  -6.714  -84.650  11.508 0.0000000000
126455  -7.120  -85.427  11.092 0.0000000000
126456  -7.561  -86.086  10.673 0.0000000000
126457  -7.011  -86.021  10.674 0.0000000000
126458  -6.881  -86.554  10.268 0.0000000000
126459  -6.708  -87.126  9.823 0.0000000000
126461  -6.083  -87.068  9.784 0.0000000000
126462  -6.538  -87.710  9.377 0.0000000000
126463  -6.439  -88.325  8.945 0.0000000000
126464  -6.413  -88.940  8.524 0.0000000000
126465  -6.436  -89.525  8.120 0.0000000000
126558  -6.708  -94.601  8.453 0.0000000000
126559  -7.319  -94.923  8.123 0.0000000000
126560  -7.986  -95.264  7.778 0.0000000000
126561  -8.784  -95.530  7.303 0.0000000000
126562  -8.105  -95.859  7.576 0.0000000000
126563  -8.137  -96.451  7.297 0.0000000000
126564  -8.022  -96.968  6.962 0.0000000000
126565  -6.949  -97.297  7.602 0.0000000000
126566  -7.445  -97.400  7.159 0.0000000000
126567  -7.977  -97.511  6.662 0.0000000000
126568  -8.069  -98.030  6.362 0.0000000000
128074  -23.245  -67.144  8.232 0.0000000000
128075  -23.687  -66.927  8.124 0.0000000000
128076  -23.577  -67.650  8.029 0.0000000000
128077  -23.884  -68.189  7.828 0.0000000000
128078  -24.208  -68.600  7.433 0.0000000000
128079  -23.531  -69.546  7.438 0.0000000000
128080  -24.046  -69.326  7.208 0.0000000000
128081  -24.425  -68.968  6.973 0.0000000000
128082  -24.580  -69.320  6.467 0.0000000000
128083  -24.739  -69.652  5.944 0.0000000000
128084  -24.804  -69.937  5.384 0.0000000000
128085  -21.113  -74.657  3.943 0.0000000000
128086  -21.711  -74.119  3.942 0.0000000000
128087  -21.388  -74.214  3.535 0.0000000000
128088  -21.562  -73.703  3.108 0.0000000000
128089  -21.690  -73.155  2.677 0.0000000000
128090  -20.593  -73.601  2.407 0.0000000000
128091  -21.188  -73.092  2.371 0.0000000000
128092  -21.890  -72.532  2.398 0.0000000000
128093  -22.005  -71.985  2.132 0.0000000000
128106  -13.810  -80.377  4.771 0.0000000000
128107  -14.058  -80.085  4.883 0.0000000000
128108  -13.452  -79.904  4.471 0.0000000000
128109  -13.092  -79.333  4.182 0.0000000000
128110  -12.766  -78.829  3.974 0.0000000000
128111  -11.618  -79.111  3.677 0.0000000000
128112  -12.055  -78.691  3.770 0.0000000000
128113  -12.454  -78.321  3.903 0.0000000000
128114  -12.128  -77.731  3.749 0.0000000000
128115  -11.768  -77.169  3.676 0.0000000000
128116  -11.358  -76.629  3.613 0.0000000000
128169  -11.031  -93.357  -5.786 0.0000000000
128170  -10.914  -92.962  -5.318 0.0000000000
130750  -12.478  -85.806  8.718 0.0000000000
130751  -12.992  -85.667  8.188 0.0000000000
130752  -12.891  -85.971  7.703 0.0000000000
130753  -13.183  -86.019  6.640 0.0000000000
130754  -13.330  -86.043  5.641 0.0000000000
130755  -13.003  -86.750  5.928 0.0000000000
130756  -13.288  -86.423  5.331 0.0000000000
130757  -13.374  -86.088  4.742 0.0000000000
130758  -13.327  -86.141  3.921 0.0000000000
130759  -13.121  -86.166  3.035 0.0000000000
130760  -12.766  -86.201  2.148 0.0000000000
130761  -13.250  -88.096  4.647 0.0000000000
130762  -13.336  -87.797  4.171 0.0000000000
130763  -13.321  -87.463  3.540 0.0000000000
130764  -13.252  -87.851  2.255 0.0000000000
130765  -13.243  -87.505  2.623 0.0000000000
130766  -13.206  -87.195  2.947 0.0000000000
130767  -13.045  -86.897  2.360 0.0000000000
130768  -12.727  -86.601  1.802 0.0000000000
130769  -12.332  -86.304  1.244 0.0000000000
130770  -11.795  -86.492  0.350 0.0000000000
130771  -11.123  -86.643  -0.451 0.0000000000
130772  -10.421  -86.893  -1.118 0.0000000000
130773  -11.007  -87.540  -1.103 0.0000000000
130774  -10.309  -87.351  -1.510 0.0000000000
130775  -9.638  -87.215  -1.681 0.0000000000
130776  -8.745  -87.653  -2.045 0.0000000000
130777  -7.839  -88.146  -2.350 0.0000000000
130778  -6.959  -88.637  -2.689 0.0000000000
135763  -4.385  -70.635  11.840 0.0000000000
135764  -4.280  -71.591  11.720 0.0000000000
135765  -4.447  -72.611  11.690 0.0000000000
135766  -4.024  -72.411  11.968 0.0000000000
135767  -3.814  -73.297  12.164 0.0000000000
135768  -3.642  -74.219  12.321 0.0000000000
137248  -21.174  -72.151  7.470 0.0000000000
137249  -21.689  -72.138  7.152 0.0000000000
137250  -21.290  -72.598  7.161 0.0000000000
137251  -21.368  -73.057  6.795 0.0000000000
137252  -21.411  -73.514  6.397 0.0000000000
137253  -20.507  -74.029  6.860 0.0000000000
137254  -20.941  -74.007  6.425 0.0000000000
137255  -21.377  -73.930  6.024 0.0000000000
137256  -21.310  -74.279  5.660 0.0000000000
137257  -21.214  -74.583  5.275 0.0000000000
137258  -21.097  -74.852  4.849 0.0000000000
137259  -18.722  -75.772  7.553 0.0000000000
137260  -19.142  -75.764  6.997 0.0000000000
137261  -19.548  -75.688  6.431 0.0000000000
137262  -18.959  -76.410  6.240 0.0000000000
137263  -19.457  -76.008  6.049 0.0000000000
137264  -19.911  -75.617  5.915 0.0000000000
137265  -20.246  -75.482  5.429 0.0000000000
137266  -20.592  -75.289  4.930 0.0000000000
137267  -20.889  -74.998  4.403 0.0000000000
137268  -20.632  -75.096  3.943 0.0000000000
137269  -20.308  -75.151  3.487 0.0000000000
137270  -19.886  -75.115  3.131 0.0000000000
137271  -19.082  -75.943  3.643 0.0000000000
137272  -19.268  -75.495  3.166 0.0000000000
137273  -19.384  -74.934  2.826 0.0000000000
137274  -18.788  -74.728  2.616 0.0000000000
137275  -18.084  -74.528  2.525 0.0000000000
137276  -17.326  -74.287  2.515 0.0000000000
143866  -14.866  -78.881  10.882 0.0000000000
143867  -15.278  -78.996  10.230 0.0000000000
143868  -15.052  -79.409  10.355 0.0000000000
143869  -15.188  -79.827  9.697 0.0000000000
143870  -15.274  -80.209  8.972 0.0000000000
143871  -14.810  -80.611  9.628 0.0000000000
143872  -15.088  -80.598  8.941 0.0000000000
143873  -15.286  -80.546  8.241 0.0000000000
143874  -15.223  -80.767  7.519 0.0000000000
143875  -14.957  -80.821  6.717 0.0000000000
143876  -14.603  -80.822  5.936 0.0000000000
143877  -14.098  -82.151  9.515 0.0000000000
143878  -14.329  -82.076  8.746 0.0000000000
143879  -14.454  -81.919  8.039 0.0000000000
143880  -14.247  -82.471  7.046 0.0000000000
143881  -14.357  -82.080  7.211 0.0000000000
143882  -14.559  -81.663  7.304 0.0000000000
143883  -14.517  -81.391  6.569 0.0000000000
143884  -14.411  -81.096  5.942 0.0000000000
143885  -14.192  -80.819  5.213 0.0000000000
143886  -13.613  -80.734  4.654 0.0000000000
143887  -12.945  -80.661  4.173 0.0000000000
143888  -12.248  -80.575  3.824 0.0000000000
143889  -12.717  -81.444  3.950 0.0000000000
143890  -12.168  -80.969  3.746 0.0000000000
143891  -11.571  -80.484  3.566 0.0000000000
143892  -10.842  -80.426  3.324 0.0000000000
143893  -10.033  -80.389  3.133 0.0000000000
143894  -9.144  -80.374  2.967 0.0000000000
143895  -13.379  -85.447  7.497 0.0000000000
143896  -13.595  -85.167  6.838 0.0000000000
143897  -13.727  -84.885  6.226 0.0000000000
143898  -13.520  -85.225  4.837 0.0000000000
143899  -13.688  -84.887  5.165 0.0000000000
143900  -13.760  -84.545  5.709 0.0000000000
143901  -13.697  -84.182  5.053 0.0000000000
143902  -13.537  -83.831  4.442 0.0000000000
143903  -13.269  -83.465  3.954 0.0000000000
143904  -12.079  -85.173  1.358 0.0000000000
143905  -12.183  -84.781  1.699 0.0000000000
143906  -12.345  -84.422  2.063 0.0000000000
143907  -11.041  -84.184  1.107 0.0000000000
143908  -11.790  -84.100  1.701 0.0000000000
143909  -12.465  -84.031  2.376 0.0000000000
143910  -12.585  -83.722  2.729 0.0000000000
143911  -12.719  -83.417  3.125 0.0000000000
143912  -12.823  -83.109  3.509 0.0000000000
143913  -12.349  -82.749  3.153 0.0000000000
143914  -11.689  -82.427  2.909 0.0000000000
143915  -11.025  -82.069  2.786 0.0000000000
143916  -10.001  -82.528  2.192 0.0000000000
143917  -10.175  -82.134  2.507 0.0000000000
143918  -10.341  -81.719  2.774 0.0000000000
143919  -9.670  -81.357  2.788 0.0000000000
143920  -8.971  -80.927  2.811 0.0000000000
143921  -8.246  -80.537  2.867 0.0000000000
148762  -13.520  -91.598  3.469 0.0000000000
148763  -13.773  -91.250  2.653 0.0000000000
148764  -13.873  -91.592  2.280 0.0000000000
148765  -14.176  -91.581  1.039 0.0000000000
148766  -14.457  -91.551  -0.205 0.0000000000
148767  -14.626  -92.219  0.250 0.0000000000
148768  -14.670  -91.843  -0.632 0.0000000000
148769  -14.341  -91.648  -1.464 0.0000000000
148770  -14.092  -91.843  -2.555 0.0000000000
148771  -13.616  -92.077  -3.537 0.0000000000
148772  -12.783  -92.530  -4.530 0.0000000000
148773  -15.605  -93.158  -0.925 0.0000000000
148774  -15.617  -92.705  -1.948 0.0000000000
148775  -15.280  -92.519  -2.818 0.0000000000
148776  -15.036  -93.019  -4.243 0.0000000000
148777  -14.902  -92.700  -3.900 0.0000000000
148778  -14.687  -92.482  -3.635 0.0000000000
148779  -13.862  -92.566  -4.356 0.0000000000
148780  -12.896  -92.823  -4.946 0.0000000000
148781  -11.954  -93.096  -5.384 0.0000000000
148782  -11.225  -93.643  -6.152 0.0000000000
158028  -22.918  -66.387  8.482 0.0000000000
158029  -22.840  -67.081  8.413 0.0000000000
158030  -22.739  -67.751  8.333 0.0000000000
158031  -22.603  -68.444  8.239 0.0000000000
158032  -22.002  -67.433  8.552 0.0000000000
158033  -22.175  -68.278  8.367 0.0000000000
158034  -22.369  -69.084  8.126 0.0000000000
158035  -22.090  -69.664  8.016 0.0000000000
158036  -21.784  -70.233  7.917 0.0000000000
158037  -21.475  -70.794  7.846 0.0000000000
158056  -20.895  -67.053  8.414 0.0000000000
158057  -20.869  -67.654  8.376 0.0000000000
158058  -20.816  -68.273  8.441 0.0000000000
158059  -20.100  -68.572  8.349 0.0000000000
158060  -20.443  -68.785  8.441 0.0000000000
158061  -20.789  -68.995  8.484 0.0000000000
158062  -20.946  -69.753  8.285 0.0000000000
158063  -21.038  -70.531  8.068 0.0000000000
158064  -21.105  -71.347  7.805 0.0000000000
158065  -20.781  -71.827  7.792 0.0000000000
158066  -20.397  -72.280  7.840 0.0000000000
158067  -19.979  -72.750  7.936 0.0000000000
158068  -19.536  -71.607  8.279 0.0000000000
158069  -19.563  -72.401  8.220 0.0000000000
158070  -19.581  -73.236  8.122 0.0000000000
158071  -19.175  -73.699  8.308 0.0000000000
158072  -18.770  -74.112  8.487 0.0000000000
158073  -18.340  -74.513  8.733 0.0000000000
158074  -17.669  -70.108  8.212 0.0000000000
158075  -17.651  -70.818  8.591 0.0000000000
158076  -17.685  -71.659  8.899 0.0000000000
158077  -16.722  -71.567  9.329 0.0000000000
158078  -17.239  -72.051  9.263 0.0000000000
158079  -17.743  -72.529  9.125 0.0000000000
158080  -17.867  -73.368  9.227 0.0000000000
158081  -17.920  -74.154  9.163 0.0000000000
158082  -17.880  -74.881  9.061 0.0000000000
158083  -17.456  -75.235  9.429 0.0000000000
158084  -17.035  -75.668  9.765 0.0000000000
158085  -16.602  -76.046  10.115 0.0000000000
158086  -16.167  -74.827  10.611 0.0000000000
158087  -16.170  -75.619  10.582 0.0000000000
158088  -16.169  -76.410  10.437 0.0000000000
158089  -15.747  -76.829  10.701 0.0000000000
158090  -15.389  -77.267  10.896 0.0000000000
158091  -15.051  -77.705  11.124 0.0000000000
158147  -14.283  -68.014  7.536 0.0000000000
158148  -14.072  -68.660  7.393 0.0000000000
158149  -12.991  -68.376  7.740 0.0000000000
158150  -13.499  -68.937  7.674 0.0000000000
158151  -13.982  -69.424  7.809 0.0000000000
158152  -13.926  -70.147  8.602 0.0000000000
158153  -13.866  -70.736  9.454 0.0000000000
158154  -13.887  -71.390  10.107 0.0000000000
158155  -10.572  -69.501  9.275 0.0000000000
158156  -11.166  -69.974  9.547 0.0000000000
158157  -11.701  -70.476  9.879 0.0000000000
158158  -11.167  -71.480  10.925 0.0000000000
158159  -11.726  -71.139  10.531 0.0000000000
158160  -12.283  -70.905  10.139 0.0000000000
158161  -12.850  -71.266  10.365 0.0000000000
158162  -13.393  -71.680  10.568 0.0000000000
158163  -13.952  -72.082  10.725 0.0000000000
158164  -14.052  -72.793  11.277 0.0000000000
158165  -14.168  -73.664  11.666 0.0000000000
158166  -14.282  -74.574  11.841 0.0000000000
158167  -13.186  -74.515  12.358 0.0000000000
158168  -13.805  -75.040  12.144 0.0000000000
158169  -14.391  -75.543  11.863 0.0000000000
158170  -14.532  -76.506  11.789 0.0000000000
158171  -14.634  -77.373  11.618 0.0000000000
158172  -14.750  -78.173  11.303 0.0000000000
158173  -14.473  -78.622  11.426 0.0000000000
158174  -14.209  -79.057  11.493 0.0000000000
158175  -13.960  -79.502  11.438 0.0000000000
158176  -13.152  -78.323  12.405 0.0000000000
158177  -13.436  -79.172  11.943 0.0000000000
158178  -13.692  -79.936  11.390 0.0000000000
158179  -13.428  -80.335  11.383 0.0000000000
158180  -13.254  -80.739  11.381 0.0000000000
158181  -13.158  -81.185  11.374 0.0000000000
158182  -10.355  -76.693  13.072 0.0000000000
158183  -10.794  -77.663  12.888 0.0000000000
158184  -11.195  -78.557  12.635 0.0000000000
158185  -10.297  -78.740  12.470 0.0000000000
158186  -10.927  -79.090  12.473 0.0000000000
158187  -11.606  -79.435  12.390 0.0000000000
158188  -12.151  -80.276  12.194 0.0000000000
158189  -12.634  -81.003  11.830 0.0000000000
158190  -13.029  -81.692  11.392 0.0000000000
158191  -12.867  -82.109  11.414 0.0000000000
158192  -12.712  -82.625  11.308 0.0000000000
158193  -12.572  -83.162  11.160 0.0000000000
158194  -11.467  -82.258  12.097 0.0000000000
158195  -11.969  -83.065  11.636 0.0000000000
158196  -12.444  -83.674  10.977 0.0000000000
158197  -12.296  -84.139  10.750 0.0000000000
158198  -12.157  -84.604  10.524 0.0000000000
158199  -12.059  -85.020  10.184 0.0000000000
158200  -4.739  -73.637  11.715 0.0000000000
158201  -5.195  -74.634  11.743 0.0000000000
158202  -5.711  -75.614  11.790 0.0000000000
158203  -4.863  -76.178  11.785 0.0000000000
158204  -5.559  -76.360  11.783 0.0000000000
158205  -6.270  -76.550  11.850 0.0000000000
158206  -6.884  -77.590  11.921 0.0000000000
158207  -7.456  -78.519  12.037 0.0000000000
158208  -8.013  -79.417  12.095 0.0000000000
158210  -5.661  -79.680  12.117 0.0000000000
158211  -6.226  -79.723  12.061 0.0000000000
158212  -6.736  -81.355  12.012 0.0000000000
158213  -6.749  -80.526  12.005 0.0000000000
158214  -6.773  -79.771  12.014 0.0000000000
158215  -7.334  -79.937  12.035 0.0000000000
158216  -7.883  -80.085  12.037 0.0000000000
158217  -8.447  -80.297  12.039 0.0000000000
158218  -8.840  -81.157  12.024 0.0000000000
158219  -9.357  -82.052  12.148 0.0000000000
158220  -9.914  -82.922  12.168 0.0000000000
158221  -9.207  -83.474  11.990 0.0000000000
158222  -9.808  -83.582  11.931 0.0000000000
158223  -10.436  -83.690  11.761 0.0000000000
158224  -10.927  -84.337  11.207 0.0000000000
158225  -11.406  -84.929  10.584 0.0000000000
158226  -11.947  -85.465  9.758 0.0000000000
158227  -11.870  -85.906  9.305 0.0000000000
158228  -11.830  -86.327  8.858 0.0000000000
158229  -11.741  -86.749  8.404 0.0000000000
158230  -10.518  -86.359  9.603 0.0000000000
158231  -11.141  -86.774  8.779 0.0000000000
158232  -11.754  -87.064  7.840 0.0000000000
158233  -11.789  -87.368  7.374 0.0000000000
158234  -11.851  -87.714  6.992 0.0000000000
158235  -11.942  -88.110  6.675 0.0000000000
158236  -8.009  -86.655  10.210 0.0000000000
158237  -8.504  -87.106  9.550 0.0000000000
158238  -9.157  -87.495  8.894 0.0000000000
158239  -8.490  -88.145  8.612 0.0000000000
158240  -9.163  -87.996  8.426 0.0000000000
158241  -9.857  -87.834  8.250 0.0000000000
158242  -10.601  -88.074  7.690 0.0000000000
158243  -11.334  -88.287  7.064 0.0000000000
158244  -12.079  -88.522  6.401 0.0000000000
158245  -12.321  -88.901  6.097 0.0000000000
158246  -12.414  -89.247  5.914 0.0000000000
158247  -12.530  -89.661  5.629 0.0000000000
158248  -11.141  -89.702  6.802 0.0000000000
158249  -11.991  -89.896  6.107 0.0000000000
158250  -12.643  -90.099  5.347 0.0000000000
158251  -12.751  -90.525  5.106 0.0000000000
158252  -12.878  -90.917  4.861 0.0000000000
158253  -12.960  -91.224  4.673 0.0000000000
158478  -6.489  -90.250  7.634 0.0000000000
158486  -6.604  -90.946  7.442 0.0000000000
158487  -7.276  -90.618  7.391 0.0000000000
158488  -8.067  -90.874  7.176 0.0000000000
158489  -8.872  -91.028  7.110 0.0000000000
158490  -9.864  -91.229  6.913 0.0000000000
158491  -9.288  -92.179  7.219 0.0000000000
158492  -10.082  -91.854  6.861 0.0000000000
158493  -10.870  -91.500  6.558 0.0000000000
158494  -11.781  -91.674  6.062 0.0000000000
158495  -12.529  -91.686  5.290 0.0000000000
158496  -13.097  -91.690  4.413 0.0000000000
158497  -13.196  -92.072  4.191 0.0000000000
158498  -13.271  -92.488  3.883 0.0000000000
158499  -13.368  -92.896  3.501 0.0000000000
158500  -12.290  -93.676  5.178 0.0000000000
158501  -12.880  -93.515  4.173 0.0000000000
158502  -13.502  -93.270  3.118 0.0000000000
158503  -13.662  -93.624  2.789 0.0000000000
158504  -13.893  -93.961  2.558 0.0000000000
158505  -14.150  -94.313  2.247 0.0000000000
158506  -9.542  -95.693  6.719 0.0000000000
158507  -10.313  -95.804  6.097 0.0000000000
158508  -11.081  -95.723  5.412 0.0000000000
158509  -10.326  -96.735  5.499 0.0000000000
158510  -11.103  -96.151  5.105 0.0000000000
158511  -11.860  -95.561  4.668 0.0000000000
158512  -12.670  -95.325  3.882 0.0000000000
158513  -13.529  -95.030  2.937 0.0000000000
158514  -14.362  -94.691  1.957 0.0000000000
158515  -14.513  -95.078  1.682 0.0000000000
158516  -14.629  -95.442  1.336 0.0000000000
158517  -14.643  -95.803  0.959 0.0000000000
158518  -13.066  -97.002  2.599 0.0000000000
158519  -13.880  -96.594  1.623 0.0000000000
158520  -14.706  -96.197  0.551 0.0000000000
158521  -14.796  -96.525  0.040 0.0000000000
158522  -14.882  -96.844  -0.502 0.0000000000
162394  -24.088  -66.609  8.028 0.0000000000
162397  -25.095  -67.046  7.094 0.0000000000
162406  -26.370  -66.085  5.402 0.0000000000
162412  -22.207  -72.101  6.840 0.0000000000
162413  -22.699  -71.918  6.532 0.0000000000
162414  -23.160  -71.689  6.209 0.0000000000
162415  -22.809  -72.649  5.612 0.0000000000
162416  -23.234  -72.067  5.745 0.0000000000
162417  -23.615  -71.411  5.888 0.0000000000
162418  -24.035  -71.073  5.531 0.0000000000
162419  -24.441  -70.661  5.170 0.0000000000
162420  -24.813  -70.191  4.852 0.0000000000
162421  -22.292  -73.541  3.879 0.0000000000
162422  -22.807  -72.992  3.880 0.0000000000
162423  -23.331  -72.424  3.960 0.0000000000
162424  -23.333  -72.041  3.176 0.0000000000
162425  -23.601  -71.986  3.629 0.0000000000
162426  -23.845  -71.818  4.047 0.0000000000
162427  -24.325  -71.138  4.169 0.0000000000
162428  -24.793  -70.387  4.365 0.0000000000
162429  -25.167  -69.668  4.565 0.0000000000
162430  -25.456  -69.147  4.245 0.0000000000
162431  -25.718  -68.544  3.972 0.0000000000
162432  -25.919  -67.913  3.744 0.0000000000
162433  -25.361  -68.824  2.994 0.0000000000
162434  -25.760  -68.038  3.253 0.0000000000
162435  -26.086  -67.270  3.534 0.0000000000
162466  -15.641  -79.027  9.545 0.0000000000
162467  -15.935  -79.026  8.903 0.0000000000
162468  -16.155  -79.027  8.075 0.0000000000
162469  -15.807  -79.687  7.465 0.0000000000
162470  -16.035  -79.304  7.383 0.0000000000
162471  -16.303  -78.911  7.318 0.0000000000
162472  -16.385  -78.665  6.612 0.0000000000
162473  -16.460  -78.411  5.967 0.0000000000
162474  -16.474  -78.066  5.383 0.0000000000
162475  -14.265  -79.686  4.884 0.0000000000
162476  -14.556  -79.394  4.823 0.0000000000
162477  -14.797  -79.008  4.825 0.0000000000
162478  -13.991  -78.296  4.237 0.0000000000
162479  -14.561  -78.484  4.505 0.0000000000
162480  -15.191  -78.695  4.865 0.0000000000
162481  -15.594  -78.346  4.941 0.0000000000
162482  -16.022  -77.977  4.958 0.0000000000
162483  -16.495  -77.630  4.861 0.0000000000
162484  -16.546  -77.214  4.301 0.0000000000
162485  -16.585  -76.746  3.897 0.0000000000
162486  -16.648  -76.274  3.511 0.0000000000
162487  -15.265  -76.274  3.575 0.0000000000
162488  -15.972  -76.025  3.404 0.0000000000
162489  -16.677  -75.710  3.231 0.0000000000
162490  -16.639  -75.168  2.988 0.0000000000
162491  -16.578  -74.636  2.743 0.0000000000
162492  -16.456  -74.042  2.522 0.0000000000
162495  -9.024  -77.944  3.665 0.0000000000
162498  -9.523  -77.457  3.694 0.0000000000
162499  -10.006  -76.983  3.662 0.0000000000
162500  -10.456  -76.530  3.626 0.0000000000
162501  -10.917  -76.089  3.504 0.0000000000
162506  -8.277  -74.452  3.860 0.0000000000
162507  -8.641  -75.119  3.747 0.0000000000
162508  -9.584  -75.296  3.516 0.0000000000
162509  -10.522  -75.489  3.394 0.0000000000
162510  -11.482  -75.655  3.393 0.0000000000
162511  -12.192  -75.295  3.266 0.0000000000
162512  -12.736  -74.903  3.107 0.0000000000
162513  -13.369  -74.569  2.960 0.0000000000
162514  -12.071  -73.622  2.788 0.0000000000
162515  -13.086  -73.957  2.765 0.0000000000
162516  -14.019  -74.307  2.817 0.0000000000
162517  -14.699  -74.065  2.675 0.0000000000
162518  -15.471  -73.772  2.530 0.0000000000
162519  -16.354  -73.392  2.335 0.0000000000
162520  -16.209  -72.835  2.121 0.0000000000
162628  -13.849  -90.880  1.955 0.0000000000
162629  -13.822  -90.557  1.334 0.0000000000
162630  -13.596  -90.201  0.575 0.0000000000
162631  -13.484  -90.848  -0.979 0.0000000000
162632  -13.329  -90.426  -0.538 0.0000000000
162633  -13.209  -90.005  -0.127 0.0000000000
162634  -12.739  -89.826  -0.765 0.0000000000
162635  -12.202  -89.748  -1.184 0.0000000000
162636  -11.497  -89.750  -1.587 0.0000000000
162637  -11.028  -92.678  -4.716 0.0000000000
162638  -10.921  -92.326  -4.150 0.0000000000
162639  -10.766  -91.880  -3.684 0.0000000000
162641  -9.793  -92.001  -3.950 0.0000000000
162642  -10.562  -91.357  -3.233 0.0000000000
162643  -10.533  -90.824  -2.801 0.0000000000
162644  -10.633  -90.286  -2.362 0.0000000000
162645  -10.813  -89.731  -1.980 0.0000000000
162646  -10.225  -89.711  -2.285 0.0000000000
162647  -9.604  -89.616  -2.675 0.0000000000
162648  -8.898  -89.517  -2.942 0.0000000000
162649  -7.640  -90.791  -4.139 0.0000000000
162650  -7.879  -90.184  -3.659 0.0000000000
162651  -8.142  -89.517  -3.190 0.0000000000
162652  -7.439  -89.448  -3.163 0.0000000000
162653  -6.751  -89.352  -3.185 0.0000000000
