#!ascii label  , from subject fsaverage vox2ras=TkReg 
1838
90  -13.989  -41.371  -1.809 0.0000000000
359  -20.912  -40.884  -10.144 0.0000000000
360  -24.666  -36.465  -15.266 0.0000000000
606  -28.007  -23.030  -27.375 0.0000000000
641  -26.407  -29.932  -21.060 0.0000000000
838  -18.325  -43.901  -8.848 0.0000000000
1347  -20.466  -17.841  -26.324 0.0000000000
1348  -24.803  -18.723  -29.947 0.0000000000
1349  -22.557  -22.123  -26.420 0.0000000000
1437  -31.062  -38.604  -11.969 0.0000000000
1438  -25.716  -33.334  -18.016 0.0000000000
1439  -31.905  -34.383  -15.257 0.0000000000
1440  -31.895  -29.933  -18.194 0.0000000000
1795  -14.895  -39.106  -7.683 0.0000000000
1796  -16.381  -36.456  -10.139 0.0000000000
1797  -18.346  -33.846  -12.784 0.0000000000
1798  -19.741  -31.928  -14.947 0.0000000000
1799  -23.040  -38.714  -12.415 0.0000000000
1800  -28.782  -41.830  -8.919 0.0000000000
2452  -30.697  -18.827  -29.087 0.0000000000
2454  -32.502  -22.586  -25.695 0.0000000000
2556  -24.043  -24.845  -19.657 0.0000000000
2557  -20.486  -29.890  -17.500 0.0000000000
2558  -21.221  -27.911  -20.386 0.0000000000
2559  -21.926  -25.400  -23.434 0.0000000000
2560  -27.275  -26.737  -24.462 0.0000000000
2561  -31.786  -25.780  -21.535 0.0000000000
3265  -23.324  -20.658  -23.381 0.0000000000
3266  -21.564  -18.381  -24.962 0.0000000000
3267  -21.081  -19.830  -24.649 0.0000000000
3268  -21.248  -19.916  -26.518 0.0000000000
3269  -21.136  -21.630  -24.495 0.0000000000
3357  -33.495  -39.353  -10.985 0.0000000000
3358  -31.597  -36.544  -13.746 0.0000000000
3359  -34.261  -37.106  -12.843 0.0000000000
3360  -34.519  -35.106  -14.388 0.0000000000
3950  -19.471  -42.332  -9.350 0.0000000000
3951  -16.438  -39.350  -9.999 0.0000000000
3952  -17.414  -37.918  -11.277 0.0000000000
3953  -17.369  -35.073  -11.454 0.0000000000
3954  -18.474  -36.837  -12.539 0.0000000000
3955  -19.443  -35.942  -13.648 0.0000000000
3956  -22.057  -39.866  -11.227 0.0000000000
3958  -27.144  -43.149  -7.698 0.0000000000
3960  -31.050  -42.840  -7.814 0.0000000000
5485  -26.424  -20.893  -28.900 0.0000000000
5486  -28.047  -18.920  -29.786 0.0000000000
5487  -29.516  -20.966  -28.382 0.0000000000
5488  -31.940  -21.021  -27.709 0.0000000000
5489  -30.384  -22.859  -26.648 0.0000000000
5747  -21.140  -34.527  -16.367 0.0000000000
5748  -20.207  -30.896  -16.246 0.0000000000
5749  -21.851  -33.442  -17.652 0.0000000000
5750  -26.144  -31.629  -19.467 0.0000000000
5751  -23.045  -30.898  -20.305 0.0000000000
5752  -23.676  -29.607  -21.790 0.0000000000
5753  -21.590  -26.812  -21.933 0.0000000000
5754  -24.175  -28.040  -23.267 0.0000000000
5755  -24.606  -26.387  -24.634 0.0000000000
5756  -26.836  -28.337  -22.771 0.0000000000
5757  -34.496  -30.471  -17.248 0.0000000000
5758  -31.843  -27.797  -19.785 0.0000000000
5759  -34.295  -28.170  -18.710 0.0000000000
5760  -34.043  -25.908  -20.388 0.0000000000
6118  -23.399  -43.023  -8.190 0.0000000000
7035  -21.834  -18.134  -28.459 0.0000000000
7036  -23.553  -20.468  -28.266 0.0000000000
7037  -25.235  -22.767  -27.473 0.0000000000
7193  -28.194  -37.921  -13.492 0.0000000000
7194  -25.364  -35.019  -16.641 0.0000000000
7195  -28.588  -35.950  -15.214 0.0000000000
7196  -28.957  -33.897  -16.593 0.0000000000
7197  -29.128  -31.775  -17.929 0.0000000000
7198  -29.212  -29.783  -19.496 0.0000000000
7199  -31.953  -32.137  -16.691 0.0000000000
7200  -34.636  -32.804  -15.884 0.0000000000
8021  -13.105  -41.137  -3.555 0.0000000000
8023  -14.177  -39.886  -4.667 0.0000000000
8024  -15.611  -38.909  -5.948 0.0000000000
8025  -16.912  -37.885  -7.235 0.0000000000
8026  -15.896  -40.925  -8.868 0.0000000000
8027  -15.604  -37.835  -8.890 0.0000000000
8028  -17.960  -36.639  -8.466 0.0000000000
8029  -19.008  -35.382  -9.695 0.0000000000
8030  -20.069  -34.078  -10.847 0.0000000000
8031  -21.178  -32.866  -12.067 0.0000000000
8032  -21.974  -31.949  -13.067 0.0000000000
8033  -18.998  -32.868  -13.858 0.0000000000
8034  -20.345  -35.232  -14.991 0.0000000000
8035  -23.969  -37.640  -13.886 0.0000000000
8036  -24.886  -41.814  -9.240 0.0000000000
8037  -26.329  -40.660  -10.525 0.0000000000
8038  -27.423  -39.392  -11.914 0.0000000000
8039  -30.193  -40.361  -10.350 0.0000000000
8040  -32.512  -41.157  -9.255 0.0000000000
9915  -33.086  -18.900  -28.788 0.0000000000
9916  -33.643  -20.659  -27.207 0.0000000000
9918  -34.126  -22.376  -24.834 0.0000000000
10224  -23.059  -23.274  -21.201 0.0000000000
10225  -22.324  -30.731  -14.226 0.0000000000
10226  -22.602  -29.547  -15.315 0.0000000000
10227  -22.455  -28.217  -16.606 0.0000000000
10228  -22.381  -32.213  -18.984 0.0000000000
10229  -20.808  -28.946  -18.830 0.0000000000
10230  -22.176  -26.950  -17.995 0.0000000000
10231  -21.654  -25.757  -19.808 0.0000000000
10232  -21.292  -24.509  -21.450 0.0000000000
10233  -21.134  -23.155  -22.926 0.0000000000
10234  -22.422  -23.910  -25.038 0.0000000000
10235  -24.962  -24.625  -26.032 0.0000000000
10236  -27.702  -25.011  -25.994 0.0000000000
10237  -29.334  -27.889  -21.215 0.0000000000
10238  -29.535  -26.214  -23.046 0.0000000000
10239  -29.991  -24.644  -24.939 0.0000000000
10240  -32.051  -24.015  -23.483 0.0000000000
10241  -33.872  -24.140  -22.169 0.0000000000
10945  -22.910  -21.125  -22.860 0.0000000000
10948  -21.039  -20.702  -24.507 0.0000000000
10949  -21.273  -21.541  -23.448 0.0000000000
11037  -34.552  -39.859  -10.967 0.0000000000
11038  -33.930  -38.184  -11.933 0.0000000000
11039  -34.937  -38.879  -11.887 0.0000000000
11040  -35.282  -37.800  -12.811 0.0000000000
11630  -20.246  -41.576  -9.653 0.0000000000
11631  -18.529  -40.189  -10.456 0.0000000000
11632  -19.069  -39.476  -10.997 0.0000000000
11633  -17.971  -37.385  -11.895 0.0000000000
11634  -19.649  -38.899  -11.588 0.0000000000
11635  -20.189  -38.449  -12.151 0.0000000000
11636  -21.502  -40.393  -10.661 0.0000000000
13165  -27.257  -21.964  -28.147 0.0000000000
13166  -28.093  -20.975  -28.627 0.0000000000
13167  -28.684  -22.060  -27.938 0.0000000000
13168  -30.021  -21.998  -27.501 0.0000000000
13169  -29.230  -23.074  -27.125 0.0000000000
13427  -22.886  -35.660  -15.997 0.0000000000
13428  -21.563  -34.009  -16.987 0.0000000000
13429  -23.202  -35.089  -16.682 0.0000000000
13430  -26.229  -30.791  -20.229 0.0000000000
13431  -24.816  -30.803  -20.809 0.0000000000
13432  -25.014  -29.973  -21.633 0.0000000000
13433  -23.877  -28.857  -22.531 0.0000000000
13434  -25.255  -29.203  -22.471 0.0000000000
13435  -25.532  -28.397  -23.240 0.0000000000
13436  -26.692  -29.121  -21.935 0.0000000000
13438  -34.332  -29.253  -17.964 0.0000000000
15558  -20.656  -17.984  -25.512 0.0000000000
15564  -20.845  -17.882  -27.407 0.0000000000
15565  -21.856  -20.983  -26.436 0.0000000000
15566  -22.201  -20.160  -27.452 0.0000000000
15567  -23.074  -21.288  -27.376 0.0000000000
15568  -24.373  -21.613  -27.891 0.0000000000
15569  -23.785  -22.456  -27.052 0.0000000000
15827  -29.705  -38.363  -12.656 0.0000000000
15828  -28.459  -36.964  -14.362 0.0000000000
15829  -29.982  -37.319  -13.571 0.0000000000
15830  -31.775  -35.529  -14.557 0.0000000000
15831  -30.403  -35.295  -15.278 0.0000000000
15832  -30.434  -34.174  -15.931 0.0000000000
15833  -29.039  -32.819  -17.201 0.0000000000
15834  -30.513  -33.063  -16.584 0.0000000000
15835  -30.562  -31.983  -17.272 0.0000000000
15836  -31.959  -33.267  -15.974 0.0000000000
15837  -35.691  -35.711  -14.460 0.0000000000
15838  -34.630  -33.872  -15.201 0.0000000000
15839  -35.764  -34.561  -15.234 0.0000000000
17598  -13.607  -40.503  -4.064 0.0000000000
17599  -13.714  -40.701  -4.911 0.0000000000
17601  -14.615  -39.367  -6.191 0.0000000000
17602  -15.094  -38.798  -6.867 0.0000000000
17603  -16.280  -38.429  -6.600 0.0000000000
17604  -15.530  -38.192  -7.546 0.0000000000
17605  -17.864  -44.734  -8.529 0.0000000000
17606  -16.880  -43.113  -8.373 0.0000000000
17607  -17.095  -42.415  -9.009 0.0000000000
17608  -16.047  -37.666  -10.147 0.0000000000
17609  -15.674  -38.307  -9.547 0.0000000000
17610  -15.957  -37.142  -9.499 0.0000000000
17611  -16.386  -36.934  -8.682 0.0000000000
17612  -16.795  -36.253  -9.337 0.0000000000
17613  -18.461  -35.996  -9.116 0.0000000000
17614  -17.254  -35.637  -9.933 0.0000000000
17615  -17.848  -34.446  -12.049 0.0000000000
17616  -18.377  -34.297  -11.134 0.0000000000
17617  -18.867  -33.648  -11.773 0.0000000000
17618  -20.620  -33.463  -11.488 0.0000000000
17619  -19.266  -33.002  -12.383 0.0000000000
17620  -19.714  -32.478  -12.868 0.0000000000
17621  -18.650  -33.352  -13.295 0.0000000000
17622  -21.174  -37.405  -13.286 0.0000000000
17623  -19.886  -35.550  -14.299 0.0000000000
17624  -21.783  -37.023  -13.942 0.0000000000
17625  -22.122  -36.562  -14.608 0.0000000000
17626  -23.546  -38.211  -13.112 0.0000000000
17627  -24.384  -43.946  -7.291 0.0000000000
17628  -24.193  -42.408  -8.643 0.0000000000
17629  -25.209  -43.196  -7.785 0.0000000000
17630  -28.011  -42.458  -8.300 0.0000000000
17631  -26.864  -41.908  -9.021 0.0000000000
17632  -27.586  -41.300  -9.666 0.0000000000
17633  -26.904  -40.064  -11.189 0.0000000000
17634  -28.255  -40.670  -10.336 0.0000000000
17635  -28.854  -39.968  -11.063 0.0000000000
17636  -29.519  -41.103  -9.622 0.0000000000
17638  -31.846  -42.019  -8.446 0.0000000000
17639  -32.826  -42.654  -8.270 0.0000000000
17640  -33.507  -41.780  -9.096 0.0000000000
22215  -23.875  -17.534  -30.163 0.0000000000
22218  -29.466  -18.844  -29.359 0.0000000000
22219  -28.868  -17.803  -30.004 0.0000000000
22223  -32.544  -17.852  -29.343 0.0000000000
22224  -31.776  -18.880  -28.902 0.0000000000
22225  -32.079  -21.733  -26.782 0.0000000000
22226  -32.708  -20.835  -27.433 0.0000000000
22227  -33.044  -21.574  -26.500 0.0000000000
22228  -33.684  -21.465  -26.519 0.0000000000
22229  -33.510  -22.432  -25.176 0.0000000000
22996  -23.523  -24.005  -20.415 0.0000000000
22997  -20.490  -31.454  -13.891 0.0000000000
22998  -22.125  -31.344  -13.703 0.0000000000
22999  -20.765  -30.951  -14.488 0.0000000000
23000  -20.377  -30.427  -16.853 0.0000000000
23001  -21.064  -29.881  -15.601 0.0000000000
23002  -21.127  -29.349  -16.254 0.0000000000
23003  -22.502  -28.850  -15.928 0.0000000000
23004  -21.053  -28.774  -16.961 0.0000000000
23005  -25.542  -34.186  -17.363 0.0000000000
23006  -23.797  -33.752  -18.063 0.0000000000
23007  -24.079  -32.989  -18.742 0.0000000000
23008  -21.959  -29.423  -20.542 0.0000000000
23009  -21.606  -29.911  -19.831 0.0000000000
23010  -21.008  -28.473  -19.602 0.0000000000
23011  -21.044  -27.717  -18.444 0.0000000000
23012  -21.097  -27.209  -19.227 0.0000000000
23013  -21.866  -26.285  -18.892 0.0000000000
23014  -21.079  -26.706  -20.122 0.0000000000
23015  -21.702  -26.098  -22.657 0.0000000000
23016  -21.122  -25.550  -21.776 0.0000000000
23017  -21.123  -24.885  -22.395 0.0000000000
23018  -21.168  -23.815  -22.214 0.0000000000
23019  -21.310  -24.186  -23.229 0.0000000000
23020  -21.472  -23.518  -24.088 0.0000000000
23021  -22.212  -24.687  -24.245 0.0000000000
23022  -25.896  -26.705  -24.720 0.0000000000
23023  -24.794  -25.545  -25.355 0.0000000000
23024  -26.074  -25.794  -25.413 0.0000000000
23025  -26.396  -24.884  -26.118 0.0000000000
23026  -27.497  -25.945  -25.269 0.0000000000
23027  -30.598  -29.852  -18.806 0.0000000000
23028  -29.325  -28.821  -20.344 0.0000000000
23029  -30.599  -28.867  -19.638 0.0000000000
23030  -31.882  -26.688  -20.654 0.0000000000
23031  -30.566  -26.807  -21.360 0.0000000000
23032  -30.659  -25.916  -22.279 0.0000000000
23033  -29.725  -25.419  -24.034 0.0000000000
23034  -30.734  -25.070  -23.239 0.0000000000
23035  -30.992  -24.273  -24.238 0.0000000000
23036  -31.807  -24.887  -22.510 0.0000000000
23038  -34.024  -24.855  -21.200 0.0000000000
24311  -22.380  -19.518  -24.187 0.0000000000
24312  -21.360  -19.131  -24.737 0.0000000000
24313  -20.702  -18.931  -25.538 0.0000000000
24314  -20.804  -18.873  -26.384 0.0000000000
24315  -20.871  -19.832  -25.629 0.0000000000
24316  -21.178  -20.790  -25.549 0.0000000000
24317  -21.557  -21.850  -25.464 0.0000000000
24473  -32.364  -38.870  -11.353 0.0000000000
24474  -31.419  -37.578  -12.865 0.0000000000
24475  -32.703  -37.886  -12.246 0.0000000000
24476  -32.963  -36.797  -13.145 0.0000000000
24477  -33.152  -35.769  -13.937 0.0000000000
24478  -33.238  -34.706  -14.702 0.0000000000
24479  -34.462  -36.146  -13.578 0.0000000000
24480  -35.556  -36.768  -13.635 0.0000000000
25536  -14.313  -41.242  -5.798 0.0000000000
25539  -14.993  -40.428  -7.762 0.0000000000
25540  -18.795  -43.139  -9.070 0.0000000000
25541  -17.413  -41.708  -9.527 0.0000000000
25542  -17.938  -40.975  -9.927 0.0000000000
25543  -16.897  -38.627  -10.571 0.0000000000
25544  -16.560  -36.970  -10.933 0.0000000000
25545  -16.863  -35.782  -10.783 0.0000000000
25546  -17.048  -36.422  -11.557 0.0000000000
25547  -17.536  -35.785  -12.208 0.0000000000
25548  -18.019  -35.200  -12.830 0.0000000000
25549  -18.458  -34.717  -13.458 0.0000000000
25550  -19.020  -36.394  -13.105 0.0000000000
25551  -20.721  -37.923  -12.701 0.0000000000
25552  -22.620  -39.322  -11.799 0.0000000000
25554  -26.245  -43.951  -7.123 0.0000000000
25558  -29.949  -42.298  -8.322 0.0000000000
28305  -25.592  -19.758  -29.547 0.0000000000
28306  -26.456  -18.876  -30.041 0.0000000000
28307  -27.330  -19.883  -29.375 0.0000000000
28308  -28.794  -19.967  -29.121 0.0000000000
28309  -29.951  -19.852  -28.809 0.0000000000
28310  -31.330  -19.904  -28.363 0.0000000000
28311  -30.505  -20.851  -27.990 0.0000000000
28312  -31.155  -21.855  -27.138 0.0000000000
28313  -31.599  -22.657  -26.092 0.0000000000
28775  -19.885  -33.026  -16.011 0.0000000000
28776  -19.984  -31.421  -15.656 0.0000000000
28777  -20.242  -32.518  -16.546 0.0000000000
28778  -20.532  -31.982  -17.169 0.0000000000
28779  -20.766  -31.477  -17.803 0.0000000000
28780  -25.921  -32.476  -18.752 0.0000000000
28781  -24.322  -32.249  -19.447 0.0000000000
28782  -24.578  -31.478  -20.102 0.0000000000
28783  -23.382  -30.299  -21.028 0.0000000000
28784  -22.244  -28.821  -21.339 0.0000000000
28785  -21.487  -27.420  -21.175 0.0000000000
28786  -22.520  -28.214  -22.086 0.0000000000
28787  -22.682  -27.463  -22.765 0.0000000000
28788  -22.963  -26.741  -23.450 0.0000000000
28789  -23.179  -25.926  -24.193 0.0000000000
28790  -24.247  -27.257  -23.909 0.0000000000
28791  -25.754  -27.564  -23.993 0.0000000000
28792  -27.096  -27.526  -23.588 0.0000000000
28793  -33.191  -30.069  -17.647 0.0000000000
28794  -31.841  -28.869  -18.947 0.0000000000
28795  -33.157  -28.957  -18.373 0.0000000000
28796  -33.095  -27.858  -19.209 0.0000000000
28797  -32.978  -26.774  -19.933 0.0000000000
28798  -32.908  -25.806  -20.821 0.0000000000
28799  -34.196  -27.055  -19.551 0.0000000000
29630  -20.778  -43.477  -8.401 0.0000000000
29631  -21.614  -42.643  -8.672 0.0000000000
29632  -22.282  -42.071  -9.094 0.0000000000
29633  -22.594  -43.770  -7.726 0.0000000000
31774  -22.318  -17.213  -29.369 0.0000000000
31775  -23.206  -18.395  -29.318 0.0000000000
31776  -21.583  -19.007  -27.515 0.0000000000
31777  -22.599  -19.245  -28.429 0.0000000000
31778  -24.124  -19.588  -29.151 0.0000000000
31779  -25.031  -20.769  -28.737 0.0000000000
31780  -25.757  -21.848  -28.142 0.0000000000
31781  -26.695  -22.926  -27.455 0.0000000000
32141  -26.450  -37.232  -14.353 0.0000000000
32142  -25.036  -35.809  -15.912 0.0000000000
32143  -26.732  -36.358  -15.128 0.0000000000
32144  -27.032  -35.498  -15.895 0.0000000000
32145  -27.246  -34.555  -16.593 0.0000000000
32146  -30.190  -36.374  -14.428 0.0000000000
32147  -28.777  -35.003  -15.908 0.0000000000
32148  -27.338  -33.583  -17.250 0.0000000000
32149  -27.487  -32.577  -17.963 0.0000000000
32150  -27.549  -31.638  -18.685 0.0000000000
32151  -27.689  -30.710  -19.448 0.0000000000
32152  -27.780  -29.867  -20.222 0.0000000000
32153  -29.137  -30.772  -18.688 0.0000000000
32154  -30.576  -30.889  -18.030 0.0000000000
32155  -31.967  -31.071  -17.394 0.0000000000
32156  -33.289  -33.577  -15.472 0.0000000000
32157  -33.316  -32.464  -16.121 0.0000000000
32158  -33.275  -31.250  -16.875 0.0000000000
32159  -34.570  -31.672  -16.593 0.0000000000
34385  -13.243  -41.075  -2.654 0.0000000000
34386  -14.901  -41.049  -2.416 0.0000000000
34387  -14.008  -40.570  -3.234 0.0000000000
34388  -14.820  -40.203  -3.894 0.0000000000
34389  -15.657  -39.838  -4.532 0.0000000000
34390  -14.125  -39.965  -5.520 0.0000000000
34391  -14.884  -39.411  -5.293 0.0000000000
34392  -16.583  -39.516  -5.152 0.0000000000
34393  -17.398  -39.195  -5.751 0.0000000000
34394  -18.104  -38.723  -6.374 0.0000000000
34395  -18.779  -38.137  -7.030 0.0000000000
34397  -15.863  -41.633  -8.165 0.0000000000
34398  -15.113  -39.749  -8.380 0.0000000000
34399  -16.121  -40.212  -9.438 0.0000000000
34400  -15.342  -39.040  -8.993 0.0000000000
34401  -15.227  -38.484  -8.342 0.0000000000
34402  -15.995  -37.598  -8.117 0.0000000000
34403  -17.410  -37.215  -7.867 0.0000000000
34404  -19.433  -37.595  -7.686 0.0000000000
34408  -17.868  -34.958  -10.556 0.0000000000
34409  -19.552  -34.759  -10.280 0.0000000000
34415  -21.591  -32.411  -12.579 0.0000000000
34416  -20.151  -31.964  -13.330 0.0000000000
34417  -19.339  -32.372  -14.430 0.0000000000
34418  -18.777  -34.218  -14.033 0.0000000000
34419  -19.168  -33.820  -14.655 0.0000000000
34420  -19.531  -33.474  -15.311 0.0000000000
34421  -20.798  -34.896  -15.744 0.0000000000
34422  -22.520  -36.139  -15.325 0.0000000000
34423  -24.313  -37.098  -14.552 0.0000000000
34424  -22.946  -41.530  -9.598 0.0000000000
34425  -23.648  -40.975  -10.178 0.0000000000
34426  -24.279  -40.416  -10.819 0.0000000000
34427  -26.061  -42.523  -8.389 0.0000000000
34428  -25.646  -41.289  -9.835 0.0000000000
34429  -24.865  -39.844  -11.499 0.0000000000
34430  -25.327  -39.280  -12.237 0.0000000000
34431  -25.736  -38.655  -12.932 0.0000000000
34432  -26.124  -38.034  -13.643 0.0000000000
34433  -27.853  -38.680  -12.734 0.0000000000
34434  -29.348  -39.192  -11.864 0.0000000000
34435  -30.670  -39.502  -11.132 0.0000000000
34436  -30.739  -41.522  -8.987 0.0000000000
34437  -31.363  -40.690  -9.727 0.0000000000
34438  -31.922  -39.795  -10.498 0.0000000000
34439  -33.035  -40.287  -10.105 0.0000000000
34440  -34.051  -40.878  -10.035 0.0000000000
36037  -13.394  -41.740  -1.360 0.0000000000
39984  -32.384  -20.024  -28.317 0.0000000000
39985  -33.445  -19.940  -27.996 0.0000000000
39986  -34.232  -19.774  -28.207 0.0000000000
39987  -34.452  -20.512  -27.351 0.0000000000
40912  -20.892  -30.408  -15.096 0.0000000000
40913  -22.525  -30.110  -14.838 0.0000000000
40918  -23.520  -34.473  -17.365 0.0000000000
40919  -22.148  -32.842  -18.348 0.0000000000
40920  -21.034  -30.991  -18.438 0.0000000000
40921  -22.676  -31.501  -19.616 0.0000000000
40922  -21.334  -30.486  -19.148 0.0000000000
40923  -20.665  -29.447  -18.178 0.0000000000
40924  -21.085  -28.268  -17.607 0.0000000000
40925  -22.334  -27.572  -17.251 0.0000000000
40926  -23.830  -27.382  -17.317 0.0000000000
40927  -23.642  -26.634  -17.928 0.0000000000
40928  -23.039  -25.829  -18.794 0.0000000000
40929  -22.644  -25.121  -19.616 0.0000000000
40930  -21.162  -26.097  -20.826 0.0000000000
40931  -21.404  -25.172  -20.673 0.0000000000
40932  -22.218  -24.376  -20.428 0.0000000000
40933  -22.022  -23.756  -21.120 0.0000000000
40934  -21.680  -23.053  -21.986 0.0000000000
40935  -21.351  -22.258  -22.726 0.0000000000
40936  -21.115  -22.427  -23.719 0.0000000000
40937  -21.552  -22.689  -24.772 0.0000000000
40938  -22.527  -23.021  -25.696 0.0000000000
40939  -23.479  -25.140  -24.971 0.0000000000
40940  -23.668  -24.304  -25.696 0.0000000000
40941  -23.641  -23.384  -26.347 0.0000000000
40942  -25.218  -23.766  -26.734 0.0000000000
40943  -26.477  -23.965  -26.780 0.0000000000
40944  -27.768  -24.055  -26.621 0.0000000000
40945  -27.997  -28.914  -21.135 0.0000000000
40946  -28.031  -28.103  -22.024 0.0000000000
40947  -28.153  -27.299  -22.858 0.0000000000
40948  -30.581  -27.852  -20.448 0.0000000000
40949  -29.334  -27.047  -22.112 0.0000000000
40950  -28.434  -26.516  -23.815 0.0000000000
40951  -28.591  -25.733  -24.650 0.0000000000
40952  -28.877  -24.898  -25.598 0.0000000000
40953  -29.134  -23.947  -26.199 0.0000000000
40954  -30.054  -23.832  -25.805 0.0000000000
40955  -31.238  -23.576  -25.162 0.0000000000
40956  -32.085  -23.375  -24.692 0.0000000000
40957  -32.983  -24.807  -21.787 0.0000000000
40958  -32.831  -24.049  -22.930 0.0000000000
40959  -33.113  -23.234  -24.107 0.0000000000
40960  -33.670  -23.258  -23.333 0.0000000000
41665  -22.462  -21.308  -22.728 0.0000000000
41668  -21.405  -21.087  -23.440 0.0000000000
41747  -14.504  -41.634  -1.436 0.0000000000
41749  -14.928  -41.522  -1.672 0.0000000000
41757  -35.027  -40.247  -11.064 0.0000000000
41758  -34.751  -39.367  -11.429 0.0000000000
41759  -35.235  -39.775  -11.514 0.0000000000
41760  -35.411  -39.243  -11.985 0.0000000000
42350  -20.586  -41.190  -9.873 0.0000000000
42351  -19.720  -40.568  -10.371 0.0000000000
42352  -20.040  -40.217  -10.649 0.0000000000
42353  -19.387  -39.180  -11.296 0.0000000000
42354  -20.336  -39.926  -10.911 0.0000000000
42355  -20.566  -39.684  -11.145 0.0000000000
42356  -21.235  -40.647  -10.387 0.0000000000
43885  -27.728  -22.525  -27.745 0.0000000000
43886  -27.962  -21.983  -28.080 0.0000000000
43887  -28.422  -22.524  -27.594 0.0000000000
43888  -29.015  -22.505  -27.406 0.0000000000
43889  -28.616  -23.077  -27.273 0.0000000000
44147  -23.788  -36.112  -15.630 0.0000000000
44148  -23.044  -35.381  -16.355 0.0000000000
44149  -23.969  -35.807  -15.971 0.0000000000
44150  -26.276  -30.326  -20.669 0.0000000000
44151  -25.606  -30.400  -20.979 0.0000000000
44152  -25.791  -29.939  -21.469 0.0000000000
44153  -25.148  -29.607  -22.106 0.0000000000
44154  -25.919  -29.583  -21.818 0.0000000000
44155  -25.888  -29.224  -22.238 0.0000000000
44156  -26.497  -29.576  -21.505 0.0000000000
46278  -20.477  -17.889  -25.836 0.0000000000
46279  -20.460  -17.485  -25.977 0.0000000000
46280  -20.320  -17.407  -26.369 0.0000000000
46282  -20.404  -17.365  -26.838 0.0000000000
46283  -20.618  -17.350  -27.355 0.0000000000
46284  -20.570  -17.822  -26.839 0.0000000000
46285  -22.233  -21.570  -26.479 0.0000000000
46286  -22.410  -21.122  -26.912 0.0000000000
46287  -22.819  -21.742  -26.890 0.0000000000
46288  -23.437  -21.912  -27.263 0.0000000000
46289  -23.131  -22.289  -26.790 0.0000000000
46547  -30.404  -38.479  -12.315 0.0000000000
46548  -29.882  -37.875  -13.102 0.0000000000
46549  -30.558  -38.009  -12.747 0.0000000000
46550  -31.861  -34.979  -14.900 0.0000000000
46551  -31.177  -34.866  -15.263 0.0000000000
46552  -31.232  -34.365  -15.581 0.0000000000
46553  -30.499  -33.620  -16.263 0.0000000000
46554  -31.206  -33.749  -15.924 0.0000000000
46555  -31.240  -33.124  -16.300 0.0000000000
46556  -31.927  -33.809  -15.622 0.0000000000
46558  -35.739  -35.146  -14.862 0.0000000000
48318  -13.591  -41.109  -4.682 0.0000000000
48319  -13.936  -41.376  -5.092 0.0000000000
48320  -14.717  -39.405  -7.354 0.0000000000
48321  -14.758  -39.199  -6.925 0.0000000000
48322  -14.965  -38.902  -7.263 0.0000000000
48323  -15.318  -38.496  -7.188 0.0000000000
48324  -15.151  -38.605  -7.613 0.0000000000
48325  -18.089  -44.307  -8.734 0.0000000000
48326  -17.551  -43.569  -8.716 0.0000000000
48327  -17.701  -43.209  -8.964 0.0000000000
48328  -16.155  -37.014  -10.193 0.0000000000
48329  -15.941  -37.322  -9.872 0.0000000000
48330  -16.156  -36.815  -9.799 0.0000000000
48331  -16.301  -36.647  -9.407 0.0000000000
48332  -16.489  -36.306  -9.746 0.0000000000
48333  -17.001  -35.928  -9.654 0.0000000000
48334  -16.752  -35.970  -10.070 0.0000000000
48335  -18.093  -34.151  -12.393 0.0000000000
48336  -18.297  -33.961  -11.933 0.0000000000
48337  -18.518  -33.645  -12.286 0.0000000000
48338  -19.086  -33.343  -12.093 0.0000000000
48339  -18.691  -33.387  -12.607 0.0000000000
48340  -18.869  -33.110  -12.871 0.0000000000
48341  -18.498  -33.602  -13.061 0.0000000000
48342  -22.113  -38.084  -12.889 0.0000000000
48343  -21.497  -37.220  -13.586 0.0000000000
48344  -22.391  -37.845  -13.236 0.0000000000
48345  -22.651  -37.605  -13.560 0.0000000000
48346  -23.302  -38.460  -12.742 0.0000000000
48347  -24.802  -44.403  -6.979 0.0000000000
48348  -24.796  -43.560  -7.523 0.0000000000
48349  -25.257  -43.997  -7.186 0.0000000000
48350  -28.399  -42.153  -8.603 0.0000000000
48351  -27.871  -41.899  -8.964 0.0000000000
48352  -28.218  -41.567  -9.263 0.0000000000
48353  -27.936  -40.975  -9.998 0.0000000000
48354  -28.603  -41.238  -9.606 0.0000000000
48355  -28.975  -40.897  -9.952 0.0000000000
48356  -29.140  -41.487  -9.257 0.0000000000
48360  -33.252  -43.019  -8.258 0.0000000000
52935  -24.427  -18.128  -30.074 0.0000000000
52937  -25.260  -18.327  -30.357 0.0000000000
52938  -30.042  -18.865  -29.205 0.0000000000
52939  -29.845  -18.270  -29.464 0.0000000000
52940  -30.392  -18.335  -29.482 0.0000000000
52942  -30.873  -18.299  -29.190 0.0000000000
52943  -31.628  -18.376  -29.132 0.0000000000
52944  -31.353  -18.923  -29.042 0.0000000000
52945  -32.128  -22.180  -26.426 0.0000000000
52946  -32.607  -21.734  -26.707 0.0000000000
52947  -32.576  -22.089  -26.192 0.0000000000
52948  -33.077  -22.099  -25.986 0.0000000000
52949  -32.911  -22.542  -25.501 0.0000000000
53716  -23.724  -24.388  -20.039 0.0000000000
53717  -20.005  -31.599  -14.393 0.0000000000
53718  -20.641  -31.234  -14.202 0.0000000000
53719  -20.167  -31.317  -14.701 0.0000000000
53720  -20.437  -30.163  -17.181 0.0000000000
53721  -20.658  -29.829  -16.573 0.0000000000
53722  -20.693  -29.555  -16.844 0.0000000000
53723  -21.112  -29.064  -16.572 0.0000000000
53724  -20.743  -29.329  -17.154 0.0000000000
53725  -25.595  -33.778  -17.695 0.0000000000
53726  -24.720  -33.574  -18.104 0.0000000000
53727  -24.842  -33.146  -18.435 0.0000000000
53728  -21.479  -28.664  -20.514 0.0000000000
53729  -21.359  -28.888  -20.132 0.0000000000
53730  -21.071  -28.204  -19.990 0.0000000000
53731  -20.936  -27.808  -19.502 0.0000000000
53732  -21.010  -27.534  -19.881 0.0000000000
53733  -21.086  -26.950  -19.650 0.0000000000
53734  -21.048  -27.282  -20.187 0.0000000000
53735  -21.894  -25.781  -23.176 0.0000000000
53736  -21.463  -25.468  -22.681 0.0000000000
53737  -21.479  -25.142  -22.909 0.0000000000
53738  -21.263  -24.561  -22.891 0.0000000000
53739  -21.520  -24.773  -23.302 0.0000000000
53740  -21.724  -24.441  -23.787 0.0000000000
53741  -22.052  -25.014  -23.796 0.0000000000
53742  -26.646  -26.745  -24.629 0.0000000000
53743  -26.099  -26.253  -25.086 0.0000000000
53744  -26.744  -26.321  -25.000 0.0000000000
53745  -26.913  -25.878  -25.370 0.0000000000
53746  -27.318  -26.338  -24.832 0.0000000000
53747  -31.235  -29.914  -18.455 0.0000000000
53748  -30.579  -29.366  -19.206 0.0000000000
53749  -31.216  -29.341  -18.903 0.0000000000
53750  -31.767  -26.227  -21.046 0.0000000000
53751  -31.225  -26.275  -21.452 0.0000000000
53752  -31.153  -25.847  -21.838 0.0000000000
53753  -30.642  -25.523  -22.780 0.0000000000
53754  -31.154  -25.418  -22.352 0.0000000000
53755  -31.339  -24.973  -22.877 0.0000000000
53756  -31.754  -25.340  -21.950 0.0000000000
55875  -23.673  -20.486  -23.670 0.0000000000
55876  -23.113  -19.840  -24.034 0.0000000000
55877  -22.882  -20.110  -23.782 0.0000000000
55880  -21.190  -19.503  -24.689 0.0000000000
55881  -20.958  -18.989  -25.119 0.0000000000
55882  -20.931  -19.428  -25.091 0.0000000000
55883  -20.823  -19.383  -25.548 0.0000000000
55884  -20.887  -19.832  -25.159 0.0000000000
55885  -21.009  -21.095  -24.377 0.0000000000
55886  -21.048  -20.731  -25.059 0.0000000000
55887  -21.164  -21.199  -24.973 0.0000000000
55888  -21.401  -21.294  -25.491 0.0000000000
55889  -21.257  -21.733  -25.021 0.0000000000
56147  -32.992  -39.050  -11.132 0.0000000000
56148  -32.563  -38.352  -11.842 0.0000000000
56149  -33.169  -38.565  -11.580 0.0000000000
56150  -34.106  -37.620  -12.398 0.0000000000
56151  -33.501  -37.505  -12.497 0.0000000000
56152  -33.634  -36.972  -12.944 0.0000000000
56153  -33.061  -36.287  -13.529 0.0000000000
56154  -33.729  -36.376  -13.389 0.0000000000
56155  -33.802  -35.855  -13.775 0.0000000000
56156  -34.394  -36.638  -13.194 0.0000000000
56158  -35.432  -37.269  -13.242 0.0000000000
57924  -15.465  -41.366  -7.671 0.0000000000
57925  -19.118  -42.753  -9.198 0.0000000000
57926  -18.401  -42.119  -9.555 0.0000000000
57927  -18.740  -41.736  -9.712 0.0000000000
57928  -17.898  -38.993  -10.898 0.0000000000
57929  -17.607  -39.313  -10.594 0.0000000000
57930  -17.161  -38.286  -10.918 0.0000000000
57931  -16.650  -37.748  -10.793 0.0000000000
57932  -16.921  -37.431  -11.155 0.0000000000
57933  -16.795  -36.700  -11.235 0.0000000000
57934  -17.129  -37.126  -11.441 0.0000000000
57935  -18.241  -37.125  -12.211 0.0000000000
57936  -17.652  -36.539  -12.130 0.0000000000
57937  -17.883  -36.262  -12.456 0.0000000000
57938  -17.801  -35.453  -12.519 0.0000000000
57939  -18.155  -35.982  -12.746 0.0000000000
57940  -18.310  -35.732  -12.998 0.0000000000
57941  -18.774  -36.608  -12.800 0.0000000000
57942  -21.173  -39.208  -11.708 0.0000000000
57943  -20.455  -38.138  -12.455 0.0000000000
57944  -21.446  -38.967  -11.983 0.0000000000
57945  -21.691  -38.660  -12.292 0.0000000000
57946  -22.377  -39.606  -11.485 0.0000000000
62535  -26.011  -20.377  -29.155 0.0000000000
62536  -26.590  -19.860  -29.466 0.0000000000
62537  -26.846  -20.391  -29.183 0.0000000000
62538  -28.833  -20.961  -28.487 0.0000000000
62539  -28.350  -20.421  -28.832 0.0000000000
62540  -29.018  -20.394  -28.605 0.0000000000
62541  -29.312  -19.888  -28.906 0.0000000000
62542  -29.852  -20.454  -28.529 0.0000000000
62543  -30.354  -20.412  -28.363 0.0000000000
62544  -30.126  -20.922  -28.029 0.0000000000
62545  -30.247  -22.378  -27.051 0.0000000000
62546  -30.575  -21.848  -27.230 0.0000000000
62547  -30.834  -22.316  -26.773 0.0000000000
62548  -31.285  -22.301  -26.618 0.0000000000
62549  -31.049  -22.719  -26.325 0.0000000000
63317  -20.457  -33.812  -16.273 0.0000000000
63318  -20.100  -32.823  -16.266 0.0000000000
63319  -20.634  -33.564  -16.581 0.0000000000
63320  -21.715  -33.768  -17.322 0.0000000000
63321  -20.958  -32.990  -17.182 0.0000000000
63322  -21.124  -32.737  -17.532 0.0000000000
63323  -20.685  -31.777  -17.510 0.0000000000
63324  -21.242  -32.469  -17.838 0.0000000000
63325  -25.988  -32.045  -19.091 0.0000000000
63326  -25.274  -32.020  -19.485 0.0000000000
63327  -25.343  -31.616  -19.854 0.0000000000
63328  -24.209  -30.188  -21.408 0.0000000000
63329  -24.094  -30.527  -20.987 0.0000000000
63330  -23.416  -29.912  -21.363 0.0000000000
63331  -22.747  -29.566  -21.205 0.0000000000
63332  -22.972  -29.273  -21.616 0.0000000000
63333  -22.361  -28.513  -21.691 0.0000000000
63334  -22.960  -28.933  -21.951 0.0000000000
63335  -24.043  -28.471  -22.879 0.0000000000
63336  -23.210  -28.176  -22.684 0.0000000000
63337  -23.485  -27.815  -23.090 0.0000000000
63338  -22.851  -27.106  -23.116 0.0000000000
63339  -23.576  -27.407  -23.447 0.0000000000
63340  -23.612  -26.997  -23.746 0.0000000000
63341  -24.298  -27.655  -23.609 0.0000000000
63342  -26.240  -28.418  -23.085 0.0000000000
63343  -25.564  -28.056  -23.613 0.0000000000
63344  -26.357  -27.992  -23.446 0.0000000000
63345  -26.477  -27.586  -23.856 0.0000000000
63346  -26.974  -27.972  -23.183 0.0000000000
63347  -33.838  -30.278  -17.354 0.0000000000
63348  -33.156  -29.523  -17.970 0.0000000000
63349  -33.799  -29.728  -17.682 0.0000000000
63350  -34.318  -28.742  -18.272 0.0000000000
63351  -33.712  -28.448  -18.537 0.0000000000
63352  -33.691  -27.993  -18.928 0.0000000000
63353  -32.981  -27.339  -19.544 0.0000000000
63354  -33.622  -27.454  -19.336 0.0000000000
63355  -33.501  -26.952  -19.683 0.0000000000
63356  -34.172  -27.652  -19.073 0.0000000000
65137  -21.334  -44.037  -7.987 0.0000000000
65138  -21.162  -43.045  -8.499 0.0000000000
65139  -21.754  -43.586  -8.060 0.0000000000
65140  -22.105  -43.213  -8.199 0.0000000000
65141  -22.187  -44.156  -7.588 0.0000000000
69713  -22.240  -18.706  -24.729 0.0000000000
69715  -21.726  -18.092  -25.053 0.0000000000
69721  -19.827  -14.776  -26.843 0.0000000000
69730  -21.348  -17.463  -28.361 0.0000000000
69732  -22.043  -17.637  -28.899 0.0000000000
69733  -22.759  -17.828  -29.384 0.0000000000
69734  -22.444  -18.220  -28.932 0.0000000000
69735  -21.024  -19.379  -26.510 0.0000000000
69736  -21.059  -18.905  -26.888 0.0000000000
69737  -21.334  -19.420  -26.987 0.0000000000
69738  -22.810  -20.314  -27.896 0.0000000000
69739  -22.404  -19.730  -27.910 0.0000000000
69740  -23.092  -19.936  -28.354 0.0000000000
69741  -23.394  -19.407  -28.841 0.0000000000
69742  -23.833  -20.050  -28.780 0.0000000000
69743  -24.718  -20.223  -29.017 0.0000000000
69744  -24.371  -20.627  -28.563 0.0000000000
69745  -24.699  -22.188  -27.762 0.0000000000
69746  -25.063  -21.755  -28.072 0.0000000000
69747  -25.466  -22.344  -27.874 0.0000000000
69748  -26.295  -22.481  -27.927 0.0000000000
69749  -25.927  -22.855  -27.482 0.0000000000
70517  -27.319  -37.602  -13.912 0.0000000000
70518  -26.606  -36.792  -14.744 0.0000000000
70519  -27.486  -37.136  -14.327 0.0000000000
70520  -28.541  -36.450  -14.796 0.0000000000
70521  -27.731  -36.200  -15.148 0.0000000000
70522  -27.830  -35.790  -15.514 0.0000000000
70523  -27.139  -35.013  -16.267 0.0000000000
70524  -27.919  -35.314  -15.890 0.0000000000
70525  -31.551  -37.088  -13.273 0.0000000000
70526  -30.821  -36.971  -13.635 0.0000000000
70527  -30.923  -36.486  -14.045 0.0000000000
70528  -29.662  -34.626  -15.940 0.0000000000
70529  -29.567  -35.154  -15.617 0.0000000000
70530  -28.908  -34.466  -16.268 0.0000000000
70531  -28.138  -34.293  -16.578 0.0000000000
70532  -28.170  -33.770  -16.909 0.0000000000
70533  -27.409  -33.088  -17.614 0.0000000000
70534  -28.228  -33.241  -17.197 0.0000000000
70535  -29.081  -32.306  -17.571 0.0000000000
70536  -28.291  -32.198  -17.943 0.0000000000
70537  -28.310  -31.697  -18.321 0.0000000000
70538  -27.615  -31.180  -19.085 0.0000000000
70539  -28.318  -31.219  -18.677 0.0000000000
70540  -28.358  -30.719  -19.085 0.0000000000
70541  -29.165  -31.258  -18.326 0.0000000000
70542  -31.255  -32.114  -16.937 0.0000000000
70543  -30.549  -31.526  -17.625 0.0000000000
70544  -31.217  -31.544  -17.320 0.0000000000
70545  -31.204  -30.967  -17.742 0.0000000000
70546  -31.942  -31.619  -17.023 0.0000000000
70547  -33.895  -34.798  -14.513 0.0000000000
70548  -33.233  -34.145  -15.085 0.0000000000
70549  -33.930  -34.271  -14.871 0.0000000000
70550  -34.637  -33.388  -15.520 0.0000000000
70551  -33.948  -33.197  -15.593 0.0000000000
70552  -33.949  -32.619  -15.956 0.0000000000
70553  -33.279  -31.841  -16.498 0.0000000000
70554  -33.936  -32.002  -16.314 0.0000000000
70555  -33.904  -31.461  -16.629 0.0000000000
70556  -34.642  -32.176  -16.285 0.0000000000
75827  -13.116  -41.073  -3.099 0.0000000000
75828  -13.610  -40.836  -2.914 0.0000000000
75829  -13.406  -40.759  -3.366 0.0000000000
75830  -13.910  -40.171  -4.356 0.0000000000
75831  -14.083  -40.242  -3.975 0.0000000000
75832  -14.413  -40.005  -4.315 0.0000000000
75833  -15.222  -40.046  -4.217 0.0000000000
75834  -14.772  -39.807  -4.613 0.0000000000
75835  -14.326  -40.822  -6.104 0.0000000000
75836  -14.056  -40.516  -5.679 0.0000000000
75837  -14.216  -40.121  -5.978 0.0000000000
75838  -14.996  -39.090  -6.060 0.0000000000
75839  -14.676  -39.346  -5.746 0.0000000000
75840  -15.236  -39.156  -5.603 0.0000000000
75841  -15.626  -39.376  -5.228 0.0000000000
75842  -16.113  -39.186  -5.516 0.0000000000
75843  -17.008  -39.356  -5.451 0.0000000000
75844  -16.488  -38.990  -5.810 0.0000000000
75845  -16.593  -38.185  -6.877 0.0000000000
75846  -17.135  -38.471  -6.441 0.0000000000
75847  -17.467  -38.239  -6.790 0.0000000000
75848  -18.447  -38.422  -6.718 0.0000000000
75849  -17.753  -37.892  -7.147 0.0000000000
75853  -16.425  -42.006  -8.652 0.0000000000
75854  -16.386  -42.364  -8.270 0.0000000000
75855  -15.857  -41.298  -8.511 0.0000000000
75856  -15.351  -40.575  -8.340 0.0000000000
75857  -15.422  -40.282  -8.670 0.0000000000
75858  -16.901  -40.533  -9.800 0.0000000000
75859  -16.715  -40.937  -9.568 0.0000000000
75860  -16.249  -39.830  -9.719 0.0000000000
75861  -15.581  -38.033  -9.261 0.0000000000
75862  -15.494  -38.688  -9.264 0.0000000000
75863  -15.403  -38.384  -8.937 0.0000000000
75864  -15.247  -38.735  -8.655 0.0000000000
75865  -15.425  -38.156  -8.612 0.0000000000
75866  -15.564  -37.984  -8.232 0.0000000000
75867  -15.731  -37.673  -8.517 0.0000000000
75868  -17.063  -36.712  -8.574 0.0000000000
75869  -16.810  -37.037  -8.271 0.0000000000
75870  -17.719  -36.932  -8.189 0.0000000000
75871  -18.373  -37.351  -7.749 0.0000000000
75872  -18.638  -37.037  -8.085 0.0000000000
75873  -19.729  -37.343  -8.023 0.0000000000
75874  -18.922  -36.763  -8.421 0.0000000000
75875  -18.745  -35.698  -9.386 0.0000000000
75876  -19.493  -36.179  -9.017 0.0000000000
75877  -19.728  -35.840  -9.346 0.0000000000
75879  -20.059  -35.564  -9.674 0.0000000000
75880  -17.104  -35.403  -11.137 0.0000000000
75881  -17.248  -35.270  -10.679 0.0000000000
75882  -17.495  -34.931  -10.982 0.0000000000
75883  -19.184  -34.114  -10.954 0.0000000000
75884  -18.908  -34.440  -10.674 0.0000000000
75885  -19.802  -34.420  -10.580 0.0000000000
75886  -20.640  -34.933  -10.294 0.0000000000
75887  -20.877  -34.620  -10.574 0.0000000000
75889  -21.155  -34.288  -10.869 0.0000000000
75890  -20.871  -33.157  -11.768 0.0000000000
75891  -21.743  -33.724  -11.456 0.0000000000
75892  -21.990  -33.444  -11.779 0.0000000000
75896  -21.375  -32.654  -12.328 0.0000000000
75897  -19.213  -32.591  -13.375 0.0000000000
75898  -19.957  -32.212  -13.097 0.0000000000
75899  -19.439  -32.327  -13.646 0.0000000000
75900  -19.619  -32.060  -13.930 0.0000000000
75901  -19.151  -32.569  -14.120 0.0000000000
75902  -18.808  -35.262  -13.619 0.0000000000
75903  -18.628  -34.486  -13.749 0.0000000000
75904  -19.047  -35.092  -13.982 0.0000000000
75905  -20.100  -35.407  -14.625 0.0000000000
75906  -19.442  -34.697  -14.604 0.0000000000
75907  -19.619  -34.523  -14.970 0.0000000000
75908  -19.319  -33.582  -14.978 0.0000000000
75909  -19.841  -34.326  -15.267 0.0000000000
75910  -20.047  -34.192  -15.596 0.0000000000
75911  -20.537  -35.033  -15.347 0.0000000000
75912  -22.998  -37.153  -14.277 0.0000000000
75913  -22.308  -36.362  -14.972 0.0000000000
75914  -23.217  -36.896  -14.624 0.0000000000
75915  -23.441  -36.653  -14.983 0.0000000000
75916  -24.139  -37.396  -14.245 0.0000000000
75917  -22.859  -42.572  -8.610 0.0000000000
75918  -22.647  -41.796  -9.325 0.0000000000
75919  -23.215  -42.300  -8.843 0.0000000000
75920  -24.574  -42.100  -8.921 0.0000000000
75921  -23.928  -41.724  -9.395 0.0000000000
75922  -24.271  -41.425  -9.692 0.0000000000
75923  -23.943  -40.697  -10.500 0.0000000000
75924  -24.632  -41.129  -9.985 0.0000000000
75925  -26.710  -43.525  -7.414 0.0000000000
75926  -26.181  -43.174  -7.738 0.0000000000
75927  -26.600  -42.860  -8.047 0.0000000000
75928  -26.653  -41.271  -9.773 0.0000000000
75929  -26.277  -41.590  -9.432 0.0000000000
75930  -25.978  -40.965  -10.171 0.0000000000
75931  -25.365  -40.562  -10.662 0.0000000000
75932  -25.666  -40.282  -10.975 0.0000000000
75933  -25.081  -39.553  -11.855 0.0000000000
75934  -25.909  -40.009  -11.297 0.0000000000
75935  -27.157  -39.743  -11.546 0.0000000000
75936  -26.351  -39.417  -12.014 0.0000000000
75937  -26.599  -39.045  -12.412 0.0000000000
75938  -25.956  -38.362  -13.288 0.0000000000
75939  -26.857  -38.723  -12.785 0.0000000000
75940  -27.017  -38.388  -13.136 0.0000000000
75941  -27.665  -39.049  -12.325 0.0000000000
75942  -29.481  -40.179  -10.696 0.0000000000
75943  -29.131  -39.594  -11.441 0.0000000000
75944  -29.759  -39.778  -11.081 0.0000000000
75945  -30.038  -39.342  -11.497 0.0000000000
75946  -30.437  -39.941  -10.739 0.0000000000
75947  -30.502  -42.502  -8.070 0.0000000000
75948  -30.366  -41.926  -8.635 0.0000000000
75949  -30.908  -42.126  -8.381 0.0000000000
75950  -32.188  -41.603  -8.822 0.0000000000
75951  -31.651  -41.317  -9.087 0.0000000000
75952  -31.996  -40.871  -9.503 0.0000000000
75953  -31.663  -40.257  -10.110 0.0000000000
75954  -32.268  -40.471  -9.874 0.0000000000
75955  -32.525  -40.036  -10.261 0.0000000000
75956  -32.801  -40.691  -9.687 0.0000000000
75957  -33.966  -42.075  -9.129 0.0000000000
75958  -33.798  -41.340  -9.571 0.0000000000
75959  -34.242  -41.669  -9.606 0.0000000000
75960  -34.519  -41.229  -10.101 0.0000000000
79875  -13.850  -41.979  -0.893 0.0000000000
89693  -27.329  -18.977  -29.958 0.0000000000
89694  -26.830  -18.351  -30.315 0.0000000000
89695  -27.664  -18.376  -30.130 0.0000000000
89710  -32.639  -18.257  -29.222 0.0000000000
89714  -33.436  -18.847  -28.858 0.0000000000
89715  -31.411  -20.403  -28.252 0.0000000000
89716  -31.746  -19.914  -28.358 0.0000000000
89717  -32.114  -20.516  -28.090 0.0000000000
89718  -33.278  -20.830  -27.319 0.0000000000
89719  -33.061  -20.408  -27.760 0.0000000000
89720  -33.422  -20.387  -27.833 0.0000000000
89721  -33.829  -19.686  -27.968 0.0000000000
89722  -33.995  -20.293  -27.751 0.0000000000
89723  -34.514  -20.086  -27.616 0.0000000000
89724  -34.172  -20.793  -27.150 0.0000000000
89725  -33.758  -21.956  -25.645 0.0000000000
89726  -34.053  -21.378  -26.494 0.0000000000
89727  -34.370  -22.117  -25.720 0.0000000000
92022  -23.877  -23.530  -20.977 0.0000000000
92024  -23.640  -23.108  -21.281 0.0000000000
92026  -22.908  -22.886  -21.503 0.0000000000
92030  -22.353  -31.123  -13.965 0.0000000000
92032  -23.275  -31.332  -13.983 0.0000000000
92035  -20.111  -31.166  -15.908 0.0000000000
92036  -20.357  -30.826  -15.301 0.0000000000
92037  -20.450  -30.541  -15.611 0.0000000000
92038  -21.745  -29.601  -15.460 0.0000000000
92039  -21.687  -29.854  -15.204 0.0000000000
92040  -22.615  -29.859  -15.019 0.0000000000
92042  -23.500  -29.958  -15.046 0.0000000000
92044  -23.490  -29.584  -15.332 0.0000000000
92045  -22.427  -28.506  -16.272 0.0000000000
92046  -23.407  -28.842  -15.921 0.0000000000
92047  -23.285  -28.420  -16.258 0.0000000000
92049  -23.150  -28.093  -16.615 0.0000000000
92050  -25.181  -35.409  -16.291 0.0000000000
92051  -24.278  -35.092  -16.690 0.0000000000
92052  -24.420  -34.774  -17.019 0.0000000000
92053  -23.045  -33.019  -18.599 0.0000000000
92054  -22.992  -33.372  -18.249 0.0000000000
92055  -22.259  -32.486  -18.679 0.0000000000
92056  -21.503  -31.912  -18.473 0.0000000000
92057  -21.640  -31.616  -18.737 0.0000000000
92058  -23.637  -31.624  -19.931 0.0000000000
92059  -23.508  -31.982  -19.658 0.0000000000
92060  -22.803  -31.223  -19.953 0.0000000000
92061  -21.070  -29.412  -19.394 0.0000000000
92062  -21.502  -30.220  -19.507 0.0000000000
92063  -20.994  -29.674  -19.087 0.0000000000
92064  -20.856  -29.900  -18.714 0.0000000000
92065  -20.743  -29.171  -18.587 0.0000000000
92066  -20.746  -28.792  -17.965 0.0000000000
92067  -20.801  -28.577  -18.251 0.0000000000
92068  -21.555  -27.238  -18.123 0.0000000000
92069  -21.606  -27.582  -17.831 0.0000000000
92070  -22.282  -27.264  -17.584 0.0000000000
92071  -23.213  -27.448  -17.179 0.0000000000
92072  -22.956  -27.027  -17.540 0.0000000000
92073  -23.610  -26.939  -17.665 0.0000000000
92074  -22.773  -26.674  -17.993 0.0000000000
92075  -21.797  -26.041  -19.327 0.0000000000
92076  -22.523  -26.050  -18.785 0.0000000000
92077  -22.240  -25.699  -19.238 0.0000000000
92078  -22.817  -25.458  -19.180 0.0000000000
92079  -22.048  -25.386  -19.675 0.0000000000
92080  -21.538  -27.100  -21.617 0.0000000000
92081  -21.215  -26.747  -21.105 0.0000000000
92082  -21.254  -26.449  -21.478 0.0000000000
92083  -21.130  -24.998  -21.497 0.0000000000
92084  -21.143  -25.320  -21.223 0.0000000000
92085  -21.359  -24.827  -20.975 0.0000000000
92086  -21.878  -24.750  -20.423 0.0000000000
92087  -21.639  -24.392  -20.899 0.0000000000
92088  -22.182  -24.092  -20.767 0.0000000000
92089  -21.581  -24.076  -21.265 0.0000000000
92090  -21.164  -23.468  -22.507 0.0000000000
92091  -21.307  -23.367  -22.088 0.0000000000
92092  -21.286  -23.080  -22.480 0.0000000000
92093  -21.495  -22.621  -22.397 0.0000000000
92094  -21.191  -22.690  -22.912 0.0000000000
92095  -21.083  -22.295  -23.119 0.0000000000
92096  -21.115  -22.776  -23.396 0.0000000000
92097  -21.868  -23.715  -24.598 0.0000000000
92098  -21.537  -23.090  -24.389 0.0000000000
92099  -21.979  -23.287  -24.927 0.0000000000
92100  -21.991  -22.851  -25.237 0.0000000000
92101  -22.502  -23.498  -25.422 0.0000000000
92102  -23.883  -26.158  -24.462 0.0000000000
92103  -23.312  -25.515  -24.558 0.0000000000
92104  -24.082  -25.740  -24.843 0.0000000000
92105  -24.831  -25.099  -25.684 0.0000000000
92106  -24.099  -24.905  -25.531 0.0000000000
92107  -24.299  -24.464  -25.913 0.0000000000
92108  -23.645  -23.828  -26.109 0.0000000000
92109  -24.291  -24.014  -26.261 0.0000000000
92110  -24.488  -23.595  -26.590 0.0000000000
92111  -25.027  -24.209  -26.352 0.0000000000
92112  -27.161  -24.960  -26.066 0.0000000000
92113  -26.572  -24.468  -26.443 0.0000000000
92114  -27.271  -24.531  -26.444 0.0000000000
92115  -27.144  -24.018  -26.713 0.0000000000
92116  -27.850  -24.556  -26.348 0.0000000000
92117  -28.511  -29.785  -19.845 0.0000000000
92118  -27.898  -29.367  -20.699 0.0000000000
92119  -28.550  -29.355  -20.277 0.0000000000
92120  -29.285  -28.383  -20.804 0.0000000000
92121  -28.633  -28.419  -21.192 0.0000000000
92122  -28.681  -27.992  -21.616 0.0000000000
92123  -28.096  -27.704  -22.467 0.0000000000
92124  -28.631  -27.589  -22.056 0.0000000000
92125  -31.796  -28.423  -19.336 0.0000000000
92126  -31.205  -28.323  -19.672 0.0000000000
92127  -31.183  -27.879  -20.086 0.0000000000
92128  -29.949  -26.498  -22.187 0.0000000000
92129  -30.038  -26.918  -21.762 0.0000000000
92130  -29.452  -26.527  -22.561 0.0000000000
92131  -28.917  -26.735  -22.969 0.0000000000
92132  -28.962  -26.355  -23.471 0.0000000000
92133  -28.508  -26.151  -24.272 0.0000000000
92134  -29.109  -25.979  -23.940 0.0000000000
92135  -29.853  -24.968  -24.443 0.0000000000
92136  -29.310  -25.204  -24.795 0.0000000000
92137  -29.364  -24.752  -25.296 0.0000000000
92138  -28.890  -24.498  -25.929 0.0000000000
92139  -29.666  -24.293  -25.573 0.0000000000
92140  -29.665  -23.897  -26.007 0.0000000000
92141  -30.127  -24.156  -25.321 0.0000000000
92142  -31.322  -24.263  -23.947 0.0000000000
92143  -30.993  -23.932  -24.796 0.0000000000
92144  -31.617  -23.860  -24.449 0.0000000000
92145  -31.603  -23.436  -24.873 0.0000000000
92146  -32.071  -23.727  -24.060 0.0000000000
92147  -33.436  -25.914  -20.488 0.0000000000
92148  -32.910  -25.250  -21.280 0.0000000000
92149  -33.367  -25.379  -20.960 0.0000000000
92150  -33.956  -24.547  -21.732 0.0000000000
92151  -33.456  -24.490  -21.996 0.0000000000
92152  -33.449  -23.928  -22.549 0.0000000000
92153  -32.834  -23.631  -23.385 0.0000000000
92154  -33.318  -23.659  -23.157 0.0000000000
92155  -33.661  -23.136  -23.783 0.0000000000
92156  -34.007  -23.676  -22.980 0.0000000000
93429  -23.134  -20.898  -23.173 0.0000000000
93430  -22.580  -20.337  -23.553 0.0000000000
93431  -22.420  -20.616  -23.383 0.0000000000
93433  -21.393  -20.296  -24.084 0.0000000000
93434  -21.122  -20.260  -24.518 0.0000000000
93435  -21.210  -20.706  -23.992 0.0000000000
93436  -21.142  -21.085  -23.888 0.0000000000
93437  -21.135  -21.569  -23.974 0.0000000000
93593  -34.045  -39.644  -10.884 0.0000000000
93594  -33.723  -38.792  -11.446 0.0000000000
93595  -34.283  -39.078  -11.404 0.0000000000
93596  -34.518  -38.433  -11.953 0.0000000000
93597  -34.649  -37.934  -12.387 0.0000000000
93598  -34.774  -37.430  -12.805 0.0000000000
93599  -35.123  -38.385  -12.335 0.0000000000
94660  -19.865  -41.962  -9.480 0.0000000000
94661  -19.085  -41.338  -9.887 0.0000000000
94662  -19.392  -40.940  -10.100 0.0000000000
94663  -18.834  -39.830  -10.744 0.0000000000
94664  -18.177  -38.671  -11.200 0.0000000000
94665  -17.708  -37.660  -11.583 0.0000000000
94666  -18.480  -38.391  -11.519 0.0000000000
94667  -18.744  -38.116  -11.842 0.0000000000
94668  -19.065  -37.862  -12.169 0.0000000000
94669  -19.295  -37.637  -12.432 0.0000000000
94670  -19.906  -38.681  -11.878 0.0000000000
94671  -20.852  -39.447  -11.451 0.0000000000
94672  -21.769  -40.140  -10.930 0.0000000000
97425  -26.979  -21.401  -28.468 0.0000000000
97426  -27.221  -20.957  -28.865 0.0000000000
97427  -27.680  -21.440  -28.363 0.0000000000
97428  -28.380  -21.434  -28.211 0.0000000000
97429  -29.151  -21.455  -28.003 0.0000000000
97430  -29.682  -21.371  -27.997 0.0000000000
97431  -29.263  -22.008  -27.770 0.0000000000
97432  -29.622  -22.457  -27.253 0.0000000000
97433  -29.751  -23.000  -26.941 0.0000000000
97895  -22.037  -35.150  -16.261 0.0000000000
97896  -21.381  -34.277  -16.683 0.0000000000
97897  -22.152  -34.863  -16.611 0.0000000000
97898  -22.339  -34.627  -16.943 0.0000000000
97899  -22.532  -34.351  -17.236 0.0000000000
97900  -26.105  -31.208  -19.875 0.0000000000
97901  -25.438  -31.182  -20.173 0.0000000000
97902  -25.473  -30.771  -20.589 0.0000000000
97903  -24.858  -30.286  -21.309 0.0000000000
97904  -24.291  -29.830  -21.760 0.0000000000
97905  -23.758  -29.267  -22.138 0.0000000000
97906  -24.431  -29.449  -22.203 0.0000000000
97907  -24.649  -29.096  -22.560 0.0000000000
97908  -24.710  -28.670  -22.941 0.0000000000
97909  -24.886  -28.279  -23.296 0.0000000000
97910  -25.427  -28.819  -22.861 0.0000000000
97911  -26.056  -28.819  -22.671 0.0000000000
97912  -26.683  -28.763  -22.402 0.0000000000
97913  -35.123  -30.726  -17.301 0.0000000000
97914  -34.445  -29.872  -17.600 0.0000000000
97915  -35.062  -30.037  -17.681 0.0000000000
97916  -35.007  -29.533  -17.913 0.0000000000
97917  -34.930  -28.942  -18.291 0.0000000000
97918  -34.814  -28.331  -18.696 0.0000000000
101732  -21.054  -18.179  -25.190 0.0000000000
101733  -21.116  -17.797  -25.278 0.0000000000
101743  -20.898  -17.382  -27.887 0.0000000000
101744  -21.295  -18.013  -27.953 0.0000000000
101745  -21.523  -20.463  -26.515 0.0000000000
101746  -21.671  -20.046  -26.971 0.0000000000
101747  -22.000  -20.577  -26.972 0.0000000000
101748  -22.551  -20.721  -27.386 0.0000000000
101749  -23.264  -20.901  -27.781 0.0000000000
101750  -23.940  -21.032  -28.107 0.0000000000
101751  -23.714  -21.464  -27.651 0.0000000000
101752  -24.053  -22.056  -27.599 0.0000000000
101753  -24.509  -22.623  -27.277 0.0000000000
102215  -28.959  -38.107  -13.090 0.0000000000
102216  -28.343  -37.449  -13.917 0.0000000000
102217  -29.125  -37.660  -13.508 0.0000000000
102218  -29.239  -37.189  -13.945 0.0000000000
102219  -29.329  -36.681  -14.413 0.0000000000
102220  -31.679  -36.049  -14.149 0.0000000000
102221  -31.016  -35.981  -14.470 0.0000000000
102222  -31.111  -35.421  -14.887 0.0000000000
102223  -30.395  -34.755  -15.609 0.0000000000
102224  -29.692  -34.048  -16.271 0.0000000000
102225  -28.966  -33.371  -16.876 0.0000000000
102226  -29.754  -33.483  -16.574 0.0000000000
102227  -29.780  -32.930  -16.925 0.0000000000
102228  -29.839  -32.384  -17.262 0.0000000000
102229  -29.842  -31.864  -17.637 0.0000000000
102230  -30.551  -32.519  -16.929 0.0000000000
102231  -31.274  -32.576  -16.613 0.0000000000
102232  -31.948  -32.711  -16.309 0.0000000000
102233  -35.169  -35.360  -14.372 0.0000000000
102234  -34.564  -34.476  -14.808 0.0000000000
102235  -35.203  -34.809  -14.767 0.0000000000
102236  -35.201  -34.240  -15.154 0.0000000000
102237  -35.212  -33.620  -15.545 0.0000000000
102238  -35.246  -33.013  -15.934 0.0000000000
105401  -13.254  -41.288  -4.002 0.0000000000
105402  -13.333  -40.785  -3.822 0.0000000000
105403  -13.379  -40.908  -4.239 0.0000000000
105404  -13.604  -40.560  -4.468 0.0000000000
105405  -13.851  -40.201  -4.740 0.0000000000
105407  -14.359  -39.768  -6.307 0.0000000000
105408  -14.577  -39.470  -6.623 0.0000000000
105409  -14.858  -39.108  -6.527 0.0000000000
105410  -15.296  -38.800  -6.383 0.0000000000
105411  -15.960  -38.692  -6.296 0.0000000000
105412  -15.611  -38.547  -6.739 0.0000000000
105413  -15.830  -38.255  -7.067 0.0000000000
105414  -16.156  -37.981  -7.372 0.0000000000
105416  -17.264  -44.334  -8.183 0.0000000000
105417  -17.383  -43.947  -8.465 0.0000000000
105418  -16.990  -42.758  -8.713 0.0000000000
105419  -16.468  -41.616  -8.989 0.0000000000
105420  -16.159  -38.385  -10.117 0.0000000000
105421  -15.920  -38.753  -9.833 0.0000000000
105422  -15.875  -37.980  -9.833 0.0000000000
105423  -15.748  -37.674  -9.530 0.0000000000
105424  -15.773  -37.484  -9.209 0.0000000000
105425  -15.911  -37.342  -8.809 0.0000000000
105426  -16.118  -37.015  -9.084 0.0000000000
105427  -16.589  -36.603  -9.001 0.0000000000
105428  -17.304  -36.357  -8.905 0.0000000000
105429  -18.197  -36.337  -8.799 0.0000000000
105430  -17.536  -36.043  -9.219 0.0000000000
105431  -17.768  -35.728  -9.504 0.0000000000
105432  -18.016  -35.407  -9.815 0.0000000000
105433  -17.627  -34.737  -11.759 0.0000000000
105434  -17.770  -34.590  -11.305 0.0000000000
105435  -18.012  -34.295  -11.594 0.0000000000
105436  -18.649  -33.961  -11.443 0.0000000000
105437  -19.373  -33.766  -11.277 0.0000000000
105438  -20.342  -33.774  -11.181 0.0000000000
105439  -19.656  -33.460  -11.580 0.0000000000
105440  -19.904  -33.123  -11.885 0.0000000000
105441  -20.062  -32.808  -12.148 0.0000000000
105442  -20.378  -32.563  -12.394 0.0000000000
105443  -19.445  -32.743  -12.632 0.0000000000
105444  -19.043  -32.810  -13.073 0.0000000000
105445  -18.835  -33.122  -13.598 0.0000000000
105446  -20.231  -36.692  -13.548 0.0000000000
105447  -19.680  -35.736  -13.984 0.0000000000
105448  -20.491  -36.473  -13.848 0.0000000000
105449  -20.718  -36.260  -14.180 0.0000000000
105450  -20.942  -36.082  -14.489 0.0000000000
105451  -21.172  -35.930  -14.854 0.0000000000
105452  -21.885  -36.786  -14.266 0.0000000000
105453  -22.850  -37.364  -13.920 0.0000000000
105454  -23.754  -37.929  -13.504 0.0000000000
105455  -23.933  -43.485  -7.712 0.0000000000
105456  -23.808  -42.714  -8.416 0.0000000000
105457  -24.316  -43.082  -7.976 0.0000000000
105458  -24.731  -42.773  -8.239 0.0000000000
105459  -25.122  -42.468  -8.508 0.0000000000
105460  -27.554  -42.803  -7.999 0.0000000000
105461  -27.031  -42.512  -8.348 0.0000000000
105462  -27.452  -42.189  -8.664 0.0000000000
105463  -27.251  -41.606  -9.337 0.0000000000
105464  -26.996  -40.971  -10.076 0.0000000000
105465  -26.629  -40.347  -10.868 0.0000000000
105466  -27.328  -40.707  -10.393 0.0000000000
105467  -27.618  -40.396  -10.760 0.0000000000
105468  -27.901  -40.061  -11.116 0.0000000000
105469  -28.188  -39.713  -11.492 0.0000000000
105470  -28.550  -40.341  -10.695 0.0000000000
105471  -29.245  -40.535  -10.322 0.0000000000
105472  -29.877  -40.709  -9.992 0.0000000000
105474  -31.457  -42.444  -8.129 0.0000000000
105475  -31.974  -42.750  -7.993 0.0000000000
105476  -32.363  -42.320  -8.336 0.0000000000
105477  -32.690  -41.899  -8.694 0.0000000000
105478  -33.043  -41.419  -9.123 0.0000000000
105479  -33.182  -42.217  -8.666 0.0000000000
105480  -33.636  -42.527  -8.678 0.0000000000
113720  -28.767  -18.836  -29.597 0.0000000000
113721  -28.560  -18.409  -29.815 0.0000000000
113722  -29.225  -18.371  -29.689 0.0000000000
113723  -29.483  -17.823  -29.944 0.0000000000
113731  -32.174  -18.341  -29.142 0.0000000000
113732  -32.562  -19.005  -28.841 0.0000000000
113733  -31.776  -21.245  -27.219 0.0000000000
113734  -32.326  -20.815  -27.487 0.0000000000
113735  -32.316  -21.217  -27.110 0.0000000000
113736  -32.768  -21.184  -27.161 0.0000000000
113737  -33.354  -21.156  -26.896 0.0000000000
113738  -33.779  -21.252  -26.687 0.0000000000
113739  -33.502  -21.660  -26.375 0.0000000000
113740  -33.369  -22.094  -25.956 0.0000000000
113741  -33.875  -22.393  -24.973 0.0000000000
115120  -23.314  -23.653  -20.762 0.0000000000
115121  -21.201  -31.654  -13.444 0.0000000000
115122  -22.063  -31.698  -13.371 0.0000000000
115123  -21.348  -31.377  -13.686 0.0000000000
115124  -21.449  -31.109  -13.992 0.0000000000
115125  -21.491  -30.748  -14.380 0.0000000000
115126  -20.271  -30.628  -16.537 0.0000000000
115127  -20.521  -30.319  -15.923 0.0000000000
115128  -20.580  -30.089  -16.225 0.0000000000
115129  -21.043  -29.585  -15.956 0.0000000000
115130  -21.763  -29.290  -15.737 0.0000000000
115131  -22.610  -29.202  -15.564 0.0000000000
115132  -21.702  -29.008  -16.094 0.0000000000
115133  -21.686  -28.577  -16.320 0.0000000000
115134  -21.663  -28.403  -16.739 0.0000000000
115135  -25.464  -34.642  -16.979 0.0000000000
115136  -24.509  -34.397  -17.386 0.0000000000
115137  -24.607  -34.024  -17.741 0.0000000000
115138  -23.982  -33.367  -18.383 0.0000000000
115139  -23.220  -32.705  -18.973 0.0000000000
115140  -22.380  -30.112  -20.463 0.0000000000
115141  -22.305  -30.481  -20.185 0.0000000000
115142  -21.782  -29.686  -20.188 0.0000000000
115143  -21.290  -29.198  -19.756 0.0000000000
115144  -20.934  -28.706  -19.305 0.0000000000
115145  -20.865  -28.337  -18.717 0.0000000000
115146  -20.910  -28.025  -18.974 0.0000000000
115147  -21.077  -27.477  -18.849 0.0000000000
115148  -21.493  -27.025  -18.621 0.0000000000
115149  -22.058  -26.617  -18.427 0.0000000000
115150  -21.396  -26.717  -19.111 0.0000000000
115151  -21.346  -26.474  -19.485 0.0000000000
115152  -21.259  -26.107  -19.856 0.0000000000
115153  -21.675  -26.476  -22.385 0.0000000000
115154  -21.289  -26.123  -21.875 0.0000000000
115155  -21.354  -25.839  -22.234 0.0000000000
115156  -21.216  -25.236  -22.113 0.0000000000
115157  -21.105  -24.663  -21.939 0.0000000000
115158  -21.196  -24.161  -21.800 0.0000000000
115159  -21.141  -24.352  -22.311 0.0000000000
115160  -21.084  -23.948  -22.651 0.0000000000
115161  -21.165  -23.635  -23.037 0.0000000000
115162  -21.211  -23.314  -23.470 0.0000000000
115163  -21.372  -23.848  -23.591 0.0000000000
115164  -21.761  -24.031  -24.148 0.0000000000
115165  -22.167  -24.258  -24.498 0.0000000000
115166  -25.277  -26.599  -24.768 0.0000000000
115167  -24.659  -25.967  -24.968 0.0000000000
115168  -25.285  -26.112  -25.042 0.0000000000
115169  -25.438  -25.689  -25.421 0.0000000000
115170  -25.550  -25.250  -25.783 0.0000000000
115171  -25.633  -24.777  -26.133 0.0000000000
115172  -26.280  -25.381  -25.786 0.0000000000
115173  -26.998  -25.470  -25.730 0.0000000000
115174  -27.659  -25.451  -25.599 0.0000000000
115175  -29.842  -29.866  -19.132 0.0000000000
115176  -29.217  -29.323  -19.911 0.0000000000
115177  -29.953  -29.339  -19.545 0.0000000000
115178  -29.932  -28.814  -20.007 0.0000000000
115179  -29.958  -28.342  -20.392 0.0000000000
115180  -31.772  -27.323  -20.112 0.0000000000
115181  -31.276  -27.268  -20.552 0.0000000000
115182  -31.175  -26.729  -20.993 0.0000000000
115183  -30.535  -26.406  -21.795 0.0000000000
115184  -30.121  -26.008  -22.644 0.0000000000
115185  -29.609  -25.752  -23.553 0.0000000000
115186  -30.143  -25.665  -23.131 0.0000000000
115187  -30.365  -25.180  -23.558 0.0000000000
115188  -30.458  -24.774  -24.074 0.0000000000
115189  -30.331  -24.580  -24.636 0.0000000000
115190  -30.832  -24.722  -23.772 0.0000000000
115191  -31.333  -24.576  -23.374 0.0000000000
115192  -31.766  -24.571  -22.999 0.0000000000
115193  -34.733  -26.123  -20.199 0.0000000000
115194  -34.117  -25.389  -20.788 0.0000000000
115195  -34.596  -25.762  -20.505 0.0000000000
115196  -34.640  -25.054  -21.146 0.0000000000
115197  -34.549  -24.676  -21.365 0.0000000000
115198  -34.575  -24.256  -22.042 0.0000000000
118163  -23.427  -19.666  -24.249 0.0000000000
118164  -22.769  -19.330  -24.350 0.0000000000
118165  -22.111  -19.038  -24.533 0.0000000000
118166  -22.207  -19.813  -24.009 0.0000000000
118168  -21.462  -18.768  -24.803 0.0000000000
118169  -20.982  -18.577  -25.198 0.0000000000
118170  -20.698  -18.431  -25.540 0.0000000000
118171  -20.545  -18.356  -25.882 0.0000000000
118172  -20.624  -18.390  -26.354 0.0000000000
118173  -20.684  -18.897  -25.961 0.0000000000
118174  -20.801  -19.352  -26.028 0.0000000000
118175  -20.989  -19.873  -26.092 0.0000000000
118176  -20.965  -20.259  -25.014 0.0000000000
118177  -20.966  -20.297  -25.569 0.0000000000
118178  -21.179  -20.366  -26.042 0.0000000000
118179  -21.389  -20.865  -25.924 0.0000000000
118180  -21.768  -21.415  -26.022 0.0000000000
118181  -22.003  -21.985  -25.942 0.0000000000
118541  -31.753  -38.791  -11.597 0.0000000000
118542  -31.240  -38.081  -12.427 0.0000000000
118543  -31.902  -38.287  -12.051 0.0000000000
118544  -32.051  -37.729  -12.554 0.0000000000
118545  -32.197  -37.166  -13.021 0.0000000000
118546  -33.338  -38.045  -12.043 0.0000000000
118547  -32.839  -37.324  -12.707 0.0000000000
118548  -32.342  -36.637  -13.435 0.0000000000
118549  -32.446  -36.119  -13.855 0.0000000000
118550  -32.519  -35.586  -14.247 0.0000000000
118551  -32.586  -35.062  -14.618 0.0000000000
118552  -32.591  -34.565  -14.962 0.0000000000
118553  -33.230  -35.253  -14.341 0.0000000000
118554  -33.881  -35.328  -14.160 0.0000000000
118555  -34.516  -35.647  -13.971 0.0000000000
118556  -34.899  -36.912  -13.202 0.0000000000
118557  -35.033  -36.353  -13.624 0.0000000000
118558  -35.103  -35.860  -13.998 0.0000000000
118559  -35.632  -36.256  -14.029 0.0000000000
121020  -14.438  -41.698  -5.485 0.0000000000
121022  -14.880  -41.675  -6.111 0.0000000000
121023  -14.736  -41.187  -6.432 0.0000000000
121029  -14.795  -39.700  -7.788 0.0000000000
121030  -18.542  -43.523  -8.967 0.0000000000
121031  -17.941  -42.833  -9.206 0.0000000000
121032  -18.111  -42.473  -9.390 0.0000000000
121033  -17.680  -41.374  -9.733 0.0000000000
121034  -17.123  -40.078  -10.051 0.0000000000
121035  -18.218  -40.555  -10.181 0.0000000000
121036  -17.352  -39.707  -10.328 0.0000000000
121037  -16.651  -38.977  -10.272 0.0000000000
121038  -16.396  -38.050  -10.465 0.0000000000
121039  -16.307  -37.320  -10.521 0.0000000000
121040  -16.371  -36.648  -10.527 0.0000000000
121041  -16.633  -36.109  -10.481 0.0000000000
121042  -16.634  -36.332  -10.903 0.0000000000
121043  -16.866  -35.997  -11.223 0.0000000000
121044  -17.114  -35.700  -11.510 0.0000000000
121045  -17.380  -36.790  -11.805 0.0000000000
121046  -17.313  -36.093  -11.867 0.0000000000
121047  -17.387  -35.386  -11.838 0.0000000000
121048  -17.661  -35.038  -12.178 0.0000000000
121049  -17.877  -34.776  -12.485 0.0000000000
121050  -18.111  -34.466  -12.863 0.0000000000
121051  -18.293  -34.234  -13.160 0.0000000000
121052  -18.179  -34.946  -13.128 0.0000000000
121053  -18.566  -35.503  -13.296 0.0000000000
121054  -19.234  -36.193  -13.364 0.0000000000
121055  -19.567  -37.393  -12.703 0.0000000000
121056  -19.814  -37.122  -12.970 0.0000000000
121057  -20.035  -36.906  -13.274 0.0000000000
121058  -20.908  -37.693  -12.980 0.0000000000
121059  -21.906  -38.381  -12.582 0.0000000000
121060  -22.851  -39.032  -12.100 0.0000000000
121062  -25.725  -44.410  -6.845 0.0000000000
121071  -28.968  -42.381  -8.282 0.0000000000
121072  -29.338  -42.040  -8.591 0.0000000000
127485  -25.334  -19.301  -29.750 0.0000000000
127486  -25.659  -18.822  -30.118 0.0000000000
127487  -25.977  -19.321  -29.843 0.0000000000
127488  -26.862  -19.378  -29.897 0.0000000000
127489  -27.705  -19.401  -29.693 0.0000000000
127490  -27.637  -20.411  -29.066 0.0000000000
127491  -28.166  -19.989  -29.168 0.0000000000
127492  -28.386  -19.368  -29.367 0.0000000000
127493  -29.082  -19.396  -29.183 0.0000000000
127494  -29.840  -19.349  -28.994 0.0000000000
127495  -30.452  -19.367  -29.006 0.0000000000
127496  -30.949  -19.412  -28.764 0.0000000000
127497  -30.671  -19.924  -28.624 0.0000000000
127498  -31.195  -20.385  -28.070 0.0000000000
127499  -31.102  -20.887  -27.924 0.0000000000
127500  -30.165  -21.406  -27.888 0.0000000000
127501  -31.051  -21.496  -27.630 0.0000000000
127502  -31.515  -21.418  -27.304 0.0000000000
127503  -31.766  -21.853  -26.900 0.0000000000
127504  -31.736  -22.236  -26.495 0.0000000000
127505  -32.103  -22.617  -25.872 0.0000000000
128579  -19.679  -32.422  -15.498 0.0000000000
128580  -19.879  -31.680  -15.297 0.0000000000
128581  -19.825  -32.172  -15.800 0.0000000000
128582  -20.020  -31.951  -16.105 0.0000000000
128583  -20.150  -31.651  -16.446 0.0000000000
128584  -20.821  -33.282  -16.879 0.0000000000
128585  -20.393  -32.248  -16.887 0.0000000000
128586  -20.236  -31.416  -16.731 0.0000000000
128587  -20.344  -31.114  -17.092 0.0000000000
128588  -20.432  -30.865  -17.380 0.0000000000
128589  -20.526  -30.650  -17.696 0.0000000000
128590  -25.802  -32.906  -18.372 0.0000000000
128591  -24.988  -32.782  -18.775 0.0000000000
128592  -25.158  -32.389  -19.154 0.0000000000
128593  -24.491  -31.872  -19.806 0.0000000000
128594  -23.758  -31.265  -20.278 0.0000000000
128595  -24.682  -31.057  -20.481 0.0000000000
128596  -23.933  -30.981  -20.637 0.0000000000
128597  -23.167  -30.603  -20.623 0.0000000000
128598  -22.600  -29.848  -20.842 0.0000000000
128599  -22.044  -29.169  -20.912 0.0000000000
128600  -21.642  -28.348  -20.907 0.0000000000
128601  -21.330  -27.689  -20.778 0.0000000000
128602  -21.711  -28.034  -21.222 0.0000000000
128603  -21.918  -27.788  -21.625 0.0000000000
128604  -22.030  -27.493  -22.076 0.0000000000
128605  -23.170  -28.554  -22.365 0.0000000000
128606  -22.618  -27.808  -22.478 0.0000000000
128607  -22.000  -27.081  -22.315 0.0000000000
128608  -22.254  -26.815  -22.822 0.0000000000
128609  -22.221  -26.384  -23.065 0.0000000000
128610  -22.520  -26.083  -23.553 0.0000000000
128611  -22.498  -25.675  -23.859 0.0000000000
128612  -23.199  -26.345  -23.904 0.0000000000
128613  -23.834  -26.604  -24.176 0.0000000000
128614  -24.438  -26.850  -24.275 0.0000000000
128615  -24.921  -27.849  -23.674 0.0000000000
128616  -25.004  -27.468  -24.030 0.0000000000
128617  -25.099  -26.971  -24.388 0.0000000000
128618  -25.844  -27.105  -24.365 0.0000000000
128619  -26.419  -27.200  -24.245 0.0000000000
128620  -27.113  -27.167  -24.019 0.0000000000
128621  -32.554  -30.059  -17.844 0.0000000000
128622  -31.902  -29.377  -18.577 0.0000000000
128623  -32.455  -29.509  -18.243 0.0000000000
128624  -32.475  -28.973  -18.624 0.0000000000
128625  -32.451  -28.318  -19.083 0.0000000000
128626  -33.789  -29.026  -18.178 0.0000000000
128627  -33.141  -28.383  -18.794 0.0000000000
128628  -32.400  -27.839  -19.410 0.0000000000
128629  -32.377  -27.246  -19.837 0.0000000000
128630  -32.390  -26.797  -20.240 0.0000000000
128631  -32.383  -26.247  -20.750 0.0000000000
128632  -32.423  -25.667  -21.171 0.0000000000
128633  -32.857  -26.318  -20.301 0.0000000000
128634  -33.616  -26.202  -20.151 0.0000000000
128635  -34.174  -26.462  -19.969 0.0000000000
128636  -34.781  -27.749  -19.034 0.0000000000
128637  -34.790  -27.051  -19.516 0.0000000000
128638  -34.787  -26.643  -19.852 0.0000000000
130885  -19.123  -44.209  -8.717 0.0000000000
130886  -19.426  -43.720  -8.734 0.0000000000
130887  -19.788  -43.303  -8.810 0.0000000000
130889  -20.439  -43.922  -8.407 0.0000000000
130890  -20.140  -42.906  -8.885 0.0000000000
130891  -20.519  -42.539  -9.019 0.0000000000
130892  -20.906  -42.164  -9.190 0.0000000000
130893  -21.321  -41.774  -9.369 0.0000000000
130894  -21.669  -41.512  -9.539 0.0000000000
130895  -21.949  -42.346  -8.875 0.0000000000
130896  -22.488  -42.859  -8.382 0.0000000000
130897  -22.990  -43.393  -7.917 0.0000000000
130899  -23.060  -44.308  -7.292 0.0000000000
130900  -23.508  -43.872  -7.494 0.0000000000
130901  -23.973  -44.365  -7.083 0.0000000000
136713  -23.117  -17.382  -29.829 0.0000000000
136714  -23.519  -17.991  -29.724 0.0000000000
136715  -23.971  -18.542  -29.697 0.0000000000
136716  -20.892  -18.433  -26.925 0.0000000000
136717  -21.209  -18.460  -27.466 0.0000000000
136718  -21.609  -18.560  -27.950 0.0000000000
136719  -21.772  -19.517  -27.461 0.0000000000
136720  -22.047  -19.109  -28.008 0.0000000000
136721  -22.240  -18.695  -28.431 0.0000000000
136722  -22.935  -18.855  -28.866 0.0000000000
136723  -23.765  -19.063  -29.307 0.0000000000
136724  -24.564  -19.169  -29.574 0.0000000000
136725  -24.736  -19.702  -29.382 0.0000000000
136726  -25.448  -20.343  -29.119 0.0000000000
136727  -25.656  -20.881  -28.849 0.0000000000
136728  -24.754  -21.191  -28.375 0.0000000000
136729  -25.508  -21.331  -28.516 0.0000000000
136730  -26.226  -21.381  -28.543 0.0000000000
136731  -26.497  -21.907  -28.139 0.0000000000
136732  -27.067  -22.521  -27.842 0.0000000000
136733  -27.487  -22.973  -27.416 0.0000000000
137705  -25.528  -36.797  -14.860 0.0000000000
137706  -24.850  -36.154  -15.569 0.0000000000
137707  -25.691  -36.464  -15.172 0.0000000000
137708  -25.870  -36.060  -15.530 0.0000000000
137709  -26.052  -35.664  -15.901 0.0000000000
137710  -27.619  -36.673  -14.721 0.0000000000
137711  -26.882  -35.934  -15.527 0.0000000000
137712  -26.177  -35.242  -16.263 0.0000000000
137713  -26.326  -34.825  -16.621 0.0000000000
137714  -26.418  -34.405  -16.935 0.0000000000
137715  -26.479  -33.920  -17.295 0.0000000000
137716  -30.717  -37.481  -13.203 0.0000000000
137717  -30.109  -36.834  -14.007 0.0000000000
137718  -29.393  -36.168  -14.866 0.0000000000
137719  -30.315  -35.839  -14.854 0.0000000000
137720  -29.527  -35.659  -15.264 0.0000000000
137721  -28.709  -35.484  -15.589 0.0000000000
137722  -28.026  -34.796  -16.258 0.0000000000
137723  -27.278  -34.108  -16.920 0.0000000000
137724  -26.501  -33.454  -17.634 0.0000000000
137725  -26.563  -32.975  -17.980 0.0000000000
137726  -26.672  -32.556  -18.335 0.0000000000
137727  -26.752  -32.105  -18.683 0.0000000000
137728  -28.254  -32.688  -17.577 0.0000000000
137729  -27.521  -32.097  -18.335 0.0000000000
137730  -26.828  -31.619  -19.081 0.0000000000
137731  -26.903  -31.217  -19.446 0.0000000000
137732  -26.960  -30.743  -19.825 0.0000000000
137733  -27.023  -30.326  -20.237 0.0000000000
137734  -27.042  -29.893  -20.674 0.0000000000
137735  -27.811  -30.257  -19.827 0.0000000000
137736  -28.439  -30.245  -19.454 0.0000000000
137737  -29.191  -30.271  -19.093 0.0000000000
137738  -29.895  -31.342  -18.001 0.0000000000
137739  -29.867  -30.821  -18.387 0.0000000000
137740  -29.844  -30.339  -18.715 0.0000000000
137741  -30.634  -30.363  -18.410 0.0000000000
137742  -31.231  -30.458  -18.095 0.0000000000
137743  -31.910  -30.508  -17.766 0.0000000000
137744  -32.592  -33.976  -15.327 0.0000000000
137745  -32.601  -33.447  -15.684 0.0000000000
137746  -32.607  -32.936  -16.017 0.0000000000
137747  -33.938  -33.755  -15.240 0.0000000000
137748  -33.269  -33.050  -15.789 0.0000000000
137749  -32.600  -32.325  -16.378 0.0000000000
137750  -32.558  -31.751  -16.744 0.0000000000
137751  -32.586  -31.176  -17.103 0.0000000000
137752  -32.589  -30.595  -17.479 0.0000000000
137753  -33.260  -30.697  -17.201 0.0000000000
137754  -33.883  -30.869  -17.012 0.0000000000
137755  -34.529  -30.954  -16.988 0.0000000000
137756  -35.232  -32.480  -16.265 0.0000000000
137757  -35.225  -31.936  -16.591 0.0000000000
137758  -35.144  -31.375  -16.895 0.0000000000
143366  -23.918  -21.245  -23.026 0.0000000000
143367  -23.589  -21.393  -22.715 0.0000000000
143368  -23.213  -21.579  -22.545 0.0000000000
143369  -22.963  -21.845  -22.340 0.0000000000
144197  -13.523  -41.150  -2.253 0.0000000000
144198  -14.396  -41.213  -2.076 0.0000000000
144199  -13.946  -40.959  -2.540 0.0000000000
144200  -14.441  -40.783  -2.848 0.0000000000
144201  -14.865  -40.605  -3.145 0.0000000000
144202  -13.742  -40.472  -3.659 0.0000000000
144203  -14.424  -40.377  -3.559 0.0000000000
144204  -15.280  -40.480  -3.459 0.0000000000
144205  -15.760  -40.357  -3.781 0.0000000000
144208  -13.963  -40.950  -5.386 0.0000000000
144209  -13.865  -40.291  -5.188 0.0000000000
144210  -14.109  -39.892  -5.090 0.0000000000
144211  -14.367  -39.651  -5.854 0.0000000000
144212  -14.370  -39.592  -5.421 0.0000000000
144213  -14.493  -39.652  -4.995 0.0000000000
144214  -15.189  -39.593  -4.916 0.0000000000
144215  -16.106  -39.668  -4.833 0.0000000000
144220  -16.821  -38.740  -6.134 0.0000000000
144221  -17.784  -38.957  -6.046 0.0000000000
144229  -16.883  -43.554  -8.055 0.0000000000
144230  -16.449  -42.755  -7.919 0.0000000000
144231  -15.923  -41.985  -7.833 0.0000000000
144232  -15.401  -40.979  -8.032 0.0000000000
144233  -15.004  -40.078  -8.081 0.0000000000
144234  -14.951  -39.367  -8.081 0.0000000000
144235  -17.233  -42.043  -9.275 0.0000000000
144236  -16.592  -41.284  -9.273 0.0000000000
144237  -15.982  -40.556  -9.195 0.0000000000
144238  -15.765  -39.193  -9.530 0.0000000000
144239  -15.622  -39.576  -9.251 0.0000000000
144240  -15.502  -39.929  -8.971 0.0000000000
144241  -15.234  -39.400  -8.685 0.0000000000
144242  -15.101  -39.060  -8.367 0.0000000000
144243  -15.063  -38.807  -8.009 0.0000000000
144244  -15.359  -38.307  -7.982 0.0000000000
144245  -15.802  -37.930  -7.829 0.0000000000
144246  -16.401  -37.671  -7.695 0.0000000000
144247  -16.179  -37.272  -8.386 0.0000000000
144248  -16.612  -37.341  -7.972 0.0000000000
144249  -17.163  -37.545  -7.541 0.0000000000
144250  -18.052  -37.618  -7.445 0.0000000000
144251  -19.124  -37.851  -7.338 0.0000000000
144256  -19.214  -36.475  -8.718 0.0000000000
144262  -17.015  -35.611  -10.394 0.0000000000
144263  -17.561  -35.299  -10.250 0.0000000000
144264  -18.349  -35.087  -10.120 0.0000000000
144265  -18.158  -34.609  -10.829 0.0000000000
144266  -18.628  -34.745  -10.391 0.0000000000
144267  -19.260  -35.047  -10.005 0.0000000000
144268  -20.361  -35.283  -9.963 0.0000000000
144274  -21.432  -33.991  -11.172 0.0000000000
144283  -21.792  -32.190  -12.813 0.0000000000
144284  -20.609  -32.327  -12.630 0.0000000000
144285  -20.815  -32.073  -12.856 0.0000000000
144286  -21.006  -31.832  -13.157 0.0000000000
144287  -20.319  -31.709  -13.557 0.0000000000
144288  -19.852  -31.845  -14.152 0.0000000000
144289  -19.549  -32.160  -14.679 0.0000000000
144290  -18.460  -33.976  -13.462 0.0000000000
144291  -18.597  -33.707  -13.725 0.0000000000
144292  -18.806  -33.499  -14.036 0.0000000000
144293  -19.237  -34.885  -14.259 0.0000000000
144294  -18.991  -34.037  -14.376 0.0000000000
144295  -18.989  -33.275  -14.274 0.0000000000
144296  -19.159  -33.053  -14.605 0.0000000000
144297  -19.316  -32.818  -14.904 0.0000000000
144298  -19.467  -32.628  -15.190 0.0000000000
144299  -19.709  -33.275  -15.629 0.0000000000
144300  -20.195  -33.985  -15.948 0.0000000000
144301  -20.959  -34.728  -16.036 0.0000000000
144302  -21.374  -35.736  -15.195 0.0000000000
144303  -21.624  -35.553  -15.548 0.0000000000
144304  -21.860  -35.398  -15.926 0.0000000000
144305  -22.790  -35.899  -15.696 0.0000000000
144306  -23.594  -36.365  -15.326 0.0000000000
144307  -24.481  -36.787  -14.912 0.0000000000
144308  -21.970  -41.259  -9.825 0.0000000000
144309  -22.270  -40.992  -10.117 0.0000000000
144310  -22.568  -40.732  -10.379 0.0000000000
144311  -23.578  -42.031  -9.083 0.0000000000
144312  -23.289  -41.248  -9.861 0.0000000000
144313  -22.862  -40.469  -10.681 0.0000000000
144314  -23.173  -40.198  -10.990 0.0000000000
144315  -23.514  -39.936  -11.291 0.0000000000
144316  -23.767  -39.620  -11.629 0.0000000000
144317  -25.730  -43.558  -7.457 0.0000000000
144318  -25.646  -42.849  -8.093 0.0000000000
144319  -25.481  -42.173  -8.783 0.0000000000
144320  -26.471  -42.198  -8.713 0.0000000000
144321  -25.844  -41.889  -9.078 0.0000000000
144322  -25.266  -41.549  -9.547 0.0000000000
144323  -25.003  -40.854  -10.324 0.0000000000
144324  -24.601  -40.113  -11.127 0.0000000000
144325  -23.967  -39.312  -11.956 0.0000000000
144326  -24.216  -39.058  -12.281 0.0000000000
144327  -24.424  -38.752  -12.670 0.0000000000
144328  -24.666  -38.482  -13.049 0.0000000000
144329  -26.115  -39.699  -11.658 0.0000000000
144330  -25.526  -38.948  -12.578 0.0000000000
144331  -24.886  -38.207  -13.449 0.0000000000
144332  -25.081  -37.888  -13.805 0.0000000000
144333  -25.269  -37.612  -14.111 0.0000000000
144334  -25.385  -37.224  -14.458 0.0000000000
144335  -26.310  -37.653  -13.991 0.0000000000
144336  -27.164  -38.028  -13.536 0.0000000000
144337  -28.016  -38.281  -13.125 0.0000000000
144338  -28.403  -39.349  -11.863 0.0000000000
144339  -28.627  -38.968  -12.256 0.0000000000
144340  -28.797  -38.544  -12.684 0.0000000000
144341  -29.526  -38.807  -12.258 0.0000000000
144342  -30.230  -38.924  -11.899 0.0000000000
144343  -30.875  -39.071  -11.520 0.0000000000
144344  -29.741  -41.694  -8.923 0.0000000000
144345  -30.121  -41.328  -9.272 0.0000000000
144346  -30.466  -40.926  -9.636 0.0000000000
144347  -31.285  -41.739  -8.707 0.0000000000
144348  -31.030  -41.122  -9.348 0.0000000000
144349  -30.790  -40.513  -10.015 0.0000000000
144350  -31.075  -40.093  -10.402 0.0000000000
144351  -31.320  -39.685  -10.772 0.0000000000
144352  -31.545  -39.246  -11.167 0.0000000000
144353  -32.147  -39.345  -10.907 0.0000000000
144354  -32.789  -39.519  -10.702 0.0000000000
144355  -33.278  -39.832  -10.561 0.0000000000
144356  -33.327  -40.973  -9.554 0.0000000000
144357  -33.585  -40.536  -9.996 0.0000000000
144358  -33.811  -40.126  -10.409 0.0000000000
144359  -34.271  -40.385  -10.488 0.0000000000
144360  -34.785  -40.738  -10.594 0.0000000000
149088  -14.180  -41.780  -1.182 0.0000000000
149089  -13.687  -41.547  -1.608 0.0000000000
149168  -12.717  -41.836  -1.607 0.0000000000
149169  -13.001  -41.618  -1.815 0.0000000000
149170  -13.279  -41.389  -2.013 0.0000000000
160803  -20.143  -11.159  -27.904 0.0000000000
160881  -26.165  -18.326  -30.394 0.0000000000
160884  -28.243  -17.919  -30.322 0.0000000000
160908  -31.600  -19.460  -28.731 0.0000000000
160909  -32.143  -19.373  -28.498 0.0000000000
160910  -32.740  -19.497  -28.459 0.0000000000
160911  -32.594  -20.475  -27.763 0.0000000000
160912  -32.882  -19.823  -28.106 0.0000000000
160913  -33.174  -19.298  -28.465 0.0000000000
160914  -33.868  -19.440  -28.419 0.0000000000
160920  -33.983  -20.868  -26.915 0.0000000000
160921  -34.723  -20.798  -26.875 0.0000000000
163680  -22.335  -22.033  -22.260 0.0000000000
163690  -20.275  -31.103  -15.011 0.0000000000
163691  -20.860  -30.686  -14.791 0.0000000000
163692  -21.575  -30.491  -14.634 0.0000000000
163693  -20.955  -30.162  -15.350 0.0000000000
163694  -21.629  -30.190  -14.859 0.0000000000
163695  -22.443  -30.473  -14.569 0.0000000000
163696  -23.409  -30.625  -14.566 0.0000000000
163702  -23.464  -29.175  -15.614 0.0000000000
163708  -24.124  -35.450  -16.367 0.0000000000
163709  -23.369  -34.826  -16.999 0.0000000000
163710  -22.644  -34.040  -17.594 0.0000000000
163711  -23.678  -34.100  -17.715 0.0000000000
163712  -22.799  -33.705  -17.937 0.0000000000
163713  -22.009  -33.165  -17.984 0.0000000000
163714  -21.331  -32.150  -18.173 0.0000000000
163715  -20.903  -31.257  -18.108 0.0000000000
163716  -20.631  -30.391  -18.015 0.0000000000
163717  -24.185  -32.611  -19.154 0.0000000000
163718  -23.367  -32.350  -19.319 0.0000000000
163719  -22.510  -31.877  -19.306 0.0000000000
163720  -22.092  -30.725  -19.811 0.0000000000
163721  -21.878  -31.001  -19.460 0.0000000000
163722  -21.788  -31.277  -19.122 0.0000000000
163723  -21.138  -30.699  -18.770 0.0000000000
163724  -20.726  -30.137  -18.376 0.0000000000
163725  -20.568  -29.674  -17.820 0.0000000000
163726  -20.746  -29.063  -17.602 0.0000000000
163727  -21.078  -28.508  -17.316 0.0000000000
163728  -21.622  -28.123  -17.096 0.0000000000
163729  -21.100  -27.977  -18.006 0.0000000000
163730  -21.601  -27.877  -17.513 0.0000000000
163731  -22.317  -27.903  -16.985 0.0000000000
163732  -23.113  -27.750  -16.891 0.0000000000
163736  -24.397  -26.914  -17.734 0.0000000000
163737  -24.233  -26.554  -18.099 0.0000000000
163738  -22.701  -26.412  -18.346 0.0000000000
163739  -23.360  -26.194  -18.303 0.0000000000
163740  -24.018  -26.110  -18.452 0.0000000000
163741  -23.743  -25.702  -18.822 0.0000000000
163742  -23.527  -25.319  -19.248 0.0000000000
163743  -23.356  -24.860  -19.519 0.0000000000
163744  -21.147  -27.016  -20.658 0.0000000000
163745  -21.115  -26.437  -20.538 0.0000000000
163746  -21.303  -25.882  -20.337 0.0000000000
163747  -21.178  -25.881  -21.365 0.0000000000
163748  -21.205  -25.635  -20.797 0.0000000000
163749  -21.510  -25.428  -20.187 0.0000000000
163750  -21.951  -25.071  -20.040 0.0000000000
163751  -22.513  -24.750  -19.965 0.0000000000
163752  -23.096  -24.554  -19.988 0.0000000000
163753  -22.955  -24.200  -20.352 0.0000000000
163754  -22.686  -23.808  -20.752 0.0000000000
163755  -22.468  -23.445  -21.126 0.0000000000
163756  -21.491  -23.739  -21.652 0.0000000000
163757  -21.783  -23.346  -21.573 0.0000000000
163760  -21.823  -22.311  -22.336 0.0000000000
163761  -21.672  -21.890  -22.650 0.0000000000
163762  -21.369  -21.902  -23.036 0.0000000000
163763  -21.178  -21.960  -23.538 0.0000000000
163764  -21.116  -22.022  -24.062 0.0000000000
163765  -21.218  -22.906  -23.864 0.0000000000
163766  -21.271  -22.551  -24.268 0.0000000000
163767  -21.276  -22.128  -24.567 0.0000000000
163768  -21.624  -22.281  -25.106 0.0000000000
163769  -22.129  -22.468  -25.695 0.0000000000
163770  -22.547  -22.629  -26.082 0.0000000000
163771  -22.718  -25.315  -24.245 0.0000000000
163772  -22.784  -24.898  -24.641 0.0000000000
163773  -22.772  -24.476  -24.924 0.0000000000
163774  -24.119  -25.350  -25.169 0.0000000000
163775  -23.486  -24.704  -25.324 0.0000000000
163776  -23.037  -24.116  -25.397 0.0000000000
163777  -23.076  -23.673  -25.802 0.0000000000
163778  -23.055  -23.195  -26.063 0.0000000000
163779  -23.149  -22.807  -26.480 0.0000000000
163780  -23.775  -22.972  -26.784 0.0000000000
163781  -24.410  -23.118  -26.962 0.0000000000
163782  -25.102  -23.239  -27.069 0.0000000000
163783  -25.802  -24.353  -26.438 0.0000000000
163784  -25.884  -23.893  -26.773 0.0000000000
163785  -25.855  -23.356  -27.122 0.0000000000
163786  -26.595  -23.469  -27.116 0.0000000000
163787  -27.359  -23.554  -27.012 0.0000000000
163788  -28.044  -23.600  -26.920 0.0000000000
163789  -27.182  -29.437  -21.093 0.0000000000
163790  -27.237  -29.027  -21.581 0.0000000000
163791  -27.401  -28.617  -22.010 0.0000000000
163792  -28.583  -28.885  -20.732 0.0000000000
163793  -27.935  -28.535  -21.595 0.0000000000
163794  -27.398  -28.246  -22.436 0.0000000000
163795  -27.476  -27.864  -22.856 0.0000000000
163796  -27.612  -27.449  -23.237 0.0000000000
163797  -27.744  -27.046  -23.735 0.0000000000
163798  -31.176  -28.900  -19.266 0.0000000000
163799  -30.617  -28.338  -20.032 0.0000000000
163800  -29.970  -27.806  -20.865 0.0000000000
163801  -30.627  -27.255  -20.931 0.0000000000
163802  -29.928  -27.383  -21.279 0.0000000000
163803  -29.364  -27.443  -21.661 0.0000000000
163804  -28.809  -27.145  -22.485 0.0000000000
163805  -28.311  -26.887  -23.358 0.0000000000
163806  -27.793  -26.710  -24.176 0.0000000000
163807  -27.975  -26.279  -24.606 0.0000000000
163808  -28.166  -25.788  -24.947 0.0000000000
163809  -28.102  -25.379  -25.415 0.0000000000
163810  -29.178  -25.570  -24.325 0.0000000000
163811  -28.754  -25.279  -25.102 0.0000000000
163812  -28.319  -25.031  -25.867 0.0000000000
163813  -28.378  -24.516  -26.187 0.0000000000
163814  -28.331  -24.037  -26.455 0.0000000000
163815  -28.694  -23.603  -26.806 0.0000000000
163816  -29.193  -23.542  -26.669 0.0000000000
163817  -29.729  -23.451  -26.468 0.0000000000
163818  -30.318  -23.341  -26.203 0.0000000000
163819  -30.450  -24.089  -25.099 0.0000000000
163820  -30.627  -23.688  -25.538 0.0000000000
163821  -30.825  -23.236  -25.941 0.0000000000
163822  -31.357  -23.164  -25.672 0.0000000000
163823  -31.759  -23.144  -25.496 0.0000000000
163824  -32.220  -22.992  -25.221 0.0000000000
163825  -32.264  -25.291  -21.572 0.0000000000
163826  -32.292  -24.861  -22.094 0.0000000000
163827  -32.488  -24.391  -22.720 0.0000000000
163828  -33.473  -24.836  -21.421 0.0000000000
163829  -32.924  -24.359  -22.279 0.0000000000
163830  -32.465  -24.082  -23.202 0.0000000000
163831  -32.392  -23.641  -23.740 0.0000000000
163832  -32.576  -23.227  -24.383 0.0000000000
163833  -32.667  -22.888  -24.970 0.0000000000
163834  -32.931  -22.866  -24.767 0.0000000000
163835  -33.381  -22.854  -24.475 0.0000000000
163836  -34.015  -22.960  -24.420 0.0000000000
163837  -34.404  -23.683  -22.404 0.0000000000
163838  -33.907  -23.563  -23.200 0.0000000000
163839  -34.195  -22.897  -24.093 0.0000000000
