#!ascii label  , from subject fsaverage vox2ras=TkReg 
956
116  -44.622  33.355  -14.455 0.0000000000
255  -43.046  44.135  -11.769 0.0000000000
256  -34.273  37.870  -8.670 0.0000000000
735  -41.422  47.220  -7.398 0.0000000000
736  -38.132  46.654  -10.203 0.0000000000
748  -42.008  39.846  -8.152 0.0000000000
1125  -44.338  28.962  -12.602 0.0000000000
1127  -41.791  30.232  -13.993 0.0000000000
1165  -46.976  34.307  -11.784 0.0000000000
1611  -43.782  38.838  -13.893 0.0000000000
1612  -39.549  36.032  -11.780 0.0000000000
1613  -38.171  41.467  -11.718 0.0000000000
1614  -32.925  43.193  -10.837 0.0000000000
1636  -46.164  37.497  -10.946 0.0000000000
2656  -40.162  49.919  -7.364 0.0000000000
2668  -39.893  45.274  -6.021 0.0000000000
3045  -45.060  31.166  -13.917 0.0000000000
3046  -43.954  29.516  -14.155 0.0000000000
3047  -43.201  32.114  -14.534 0.0000000000
3085  -46.038  33.855  -13.429 0.0000000000
3086  -45.043  32.777  -11.263 0.0000000000
3087  -45.364  31.599  -12.610 0.0000000000
3088  -43.877  29.661  -11.228 0.0000000000
3645  -43.480  41.486  -12.948 0.0000000000
3646  -41.111  40.216  -12.984 0.0000000000
3647  -40.989  42.978  -12.574 0.0000000000
3648  -34.720  47.920  -9.219 0.0000000000
3649  -35.273  45.062  -10.373 0.0000000000
3650  -32.561  46.092  -10.936 0.0000000000
3685  -42.952  42.511  -10.111 0.0000000000
3686  -44.129  38.641  -9.750 0.0000000000
3687  -44.444  40.761  -11.746 0.0000000000
3688  -45.469  38.752  -13.009 0.0000000000
4823  -36.988  36.883  -9.957 0.0000000000
4824  -37.930  33.980  -10.561 0.0000000000
5931  -42.201  45.771  -9.807 0.0000000000
5932  -41.100  45.873  -11.374 0.0000000000
5933  -40.690  47.822  -9.336 0.0000000000
5934  -37.890  49.226  -8.814 0.0000000000
5955  -40.215  41.344  -6.344 0.0000000000
5956  -41.201  43.586  -8.316 0.0000000000
6633  -41.981  27.576  -10.864 0.0000000000
6635  -43.212  27.535  -13.134 0.0000000000
6712  -41.029  28.520  -9.012 0.0000000000
7599  -43.994  35.831  -14.367 0.0000000000
7600  -42.014  35.060  -14.010 0.0000000000
7601  -41.405  37.503  -13.292 0.0000000000
7602  -38.659  38.765  -11.496 0.0000000000
7603  -36.078  39.587  -10.342 0.0000000000
7604  -38.126  44.172  -11.529 0.0000000000
7605  -35.535  42.325  -10.853 0.0000000000
7606  -33.456  40.484  -9.724 0.0000000000
7659  -47.517  36.065  -11.619 0.0000000000
7660  -46.049  36.283  -13.371 0.0000000000
9115  -40.622  33.148  -12.831 0.0000000000
9116  -39.036  31.100  -11.986 0.0000000000
10725  -44.921  32.255  -14.205 0.0000000000
10726  -44.433  31.545  -14.416 0.0000000000
10727  -43.910  32.830  -14.619 0.0000000000
10765  -45.319  33.561  -13.971 0.0000000000
10766  -45.710  32.626  -13.077 0.0000000000
10767  -45.413  32.442  -13.637 0.0000000000
10768  -45.326  31.434  -13.323 0.0000000000
11325  -43.252  42.812  -12.367 0.0000000000
11326  -42.262  42.284  -12.802 0.0000000000
11327  -42.289  43.786  -12.478 0.0000000000
11328  -33.541  48.869  -9.833 0.0000000000
11329  -33.578  47.072  -10.062 0.0000000000
11330  -32.509  47.900  -10.780 0.0000000000
11331  -31.589  46.903  -11.456 0.0000000000
11365  -43.307  43.610  -10.974 0.0000000000
11366  -43.756  41.763  -10.968 0.0000000000
11367  -43.766  42.526  -11.729 0.0000000000
11368  -44.181  41.374  -12.496 0.0000000000
12503  -35.704  37.368  -9.244 0.0000000000
12504  -36.116  35.942  -9.349 0.0000000000
13725  -41.776  46.545  -8.602 0.0000000000
13726  -41.651  46.868  -9.585 0.0000000000
13727  -41.375  47.765  -8.456 0.0000000000
13728  -38.903  51.100  -7.371 0.0000000000
13729  -39.185  49.790  -8.278 0.0000000000
13730  -37.689  50.569  -8.008 0.0000000000
13731  -36.148  49.953  -8.405 0.0000000000
13763  -40.088  40.436  -5.270 0.0000000000
13764  -39.455  42.343  -5.400 0.0000000000
13765  -40.648  46.317  -6.692 0.0000000000
13766  -40.482  44.348  -7.186 0.0000000000
13767  -41.324  45.530  -7.887 0.0000000000
13768  -41.949  44.881  -8.981 0.0000000000
14895  -43.338  28.138  -11.762 0.0000000000
14896  -42.881  27.517  -12.104 0.0000000000
14897  -43.828  28.275  -12.865 0.0000000000
14898  -42.958  29.865  -14.411 0.0000000000
14899  -43.080  28.621  -14.196 0.0000000000
14900  -42.098  28.986  -14.279 0.0000000000
14902  -40.906  29.365  -13.793 0.0000000000
15015  -47.178  34.414  -10.776 0.0000000000
15017  -46.130  33.876  -10.728 0.0000000000
15018  -43.831  31.898  -10.774 0.0000000000
15025  -44.244  29.281  -12.000 0.0000000000
15026  -42.585  28.933  -10.209 0.0000000000
15027  -43.099  28.453  -10.974 0.0000000000
15028  -41.591  27.984  -9.964 0.0000000000
16695  -43.812  37.326  -14.100 0.0000000000
16696  -42.669  36.621  -14.085 0.0000000000
16697  -42.520  38.064  -13.824 0.0000000000
16698  -39.603  40.911  -12.298 0.0000000000
16699  -39.788  39.531  -12.299 0.0000000000
16700  -38.362  40.119  -11.637 0.0000000000
16701  -37.306  39.209  -10.911 0.0000000000
16702  -36.978  40.565  -11.174 0.0000000000
16703  -39.711  46.264  -10.827 0.0000000000
16704  -39.640  45.043  -11.608 0.0000000000
16705  -38.256  45.520  -10.977 0.0000000000
16706  -34.043  44.106  -10.643 0.0000000000
16707  -35.432  43.634  -10.727 0.0000000000
16708  -34.244  42.742  -10.720 0.0000000000
16709  -34.392  41.378  -10.445 0.0000000000
16710  -33.102  41.886  -10.284 0.0000000000
16711  -32.117  40.890  -9.627 0.0000000000
16712  -31.850  42.105  -10.581 0.0000000000
16815  -41.913  38.881  -6.914 0.0000000000
16817  -43.063  38.230  -7.739 0.0000000000
16818  -45.170  38.033  -10.424 0.0000000000
16819  -45.427  37.394  -9.022 0.0000000000
16820  -46.498  36.930  -9.540 0.0000000000
16822  -47.284  36.342  -10.048 0.0000000000
16823  -47.783  35.716  -10.499 0.0000000000
16824  -46.910  36.804  -11.326 0.0000000000
16825  -44.803  38.979  -13.577 0.0000000000
16826  -45.788  37.668  -13.230 0.0000000000
16827  -44.901  37.587  -13.845 0.0000000000
16828  -45.086  36.086  -13.964 0.0000000000
20228  -40.846  35.622  -12.879 0.0000000000
20229  -41.277  34.154  -13.463 0.0000000000
20230  -40.142  34.607  -12.239 0.0000000000
20232  -38.441  32.526  -11.179 0.0000000000
23211  -40.644  47.985  -6.333 0.0000000000
23212  -40.987  48.620  -7.396 0.0000000000
23213  -40.336  49.494  -6.285 0.0000000000
23234  -39.326  44.291  -5.317 0.0000000000
23913  -44.941  30.028  -13.368 0.0000000000
23914  -44.509  29.267  -13.561 0.0000000000
23915  -44.781  30.392  -14.093 0.0000000000
23916  -43.771  30.743  -14.388 0.0000000000
23917  -42.553  31.154  -14.303 0.0000000000
23985  -46.620  34.060  -12.688 0.0000000000
23986  -46.187  33.504  -11.637 0.0000000000
23987  -46.011  33.060  -12.404 0.0000000000
23988  -45.237  32.043  -11.926 0.0000000000
23989  -44.255  31.042  -11.255 0.0000000000
23990  -43.273  30.207  -10.553 0.0000000000
23991  -44.766  30.595  -12.024 0.0000000000
23992  -44.953  30.333  -12.770 0.0000000000
24993  -43.663  40.176  -13.548 0.0000000000
24994  -42.434  39.564  -13.599 0.0000000000
24995  -42.419  40.938  -13.224 0.0000000000
24996  -40.995  41.586  -12.768 0.0000000000
24997  -39.585  42.196  -12.222 0.0000000000
24998  -36.447  47.171  -9.633 0.0000000000
24999  -36.655  45.946  -10.373 0.0000000000
25000  -35.025  46.392  -9.789 0.0000000000
25001  -33.757  45.520  -10.358 0.0000000000
25002  -32.702  44.522  -11.112 0.0000000000
25003  -31.722  43.448  -11.420 0.0000000000
25004  -31.649  45.037  -11.712 0.0000000000
25065  -42.331  41.084  -9.169 0.0000000000
25066  -43.004  39.252  -8.914 0.0000000000
25067  -43.343  40.574  -10.027 0.0000000000
25068  -44.197  39.775  -10.885 0.0000000000
25069  -45.100  39.057  -11.662 0.0000000000
25070  -45.880  38.253  -12.133 0.0000000000
25071  -45.081  39.816  -12.463 0.0000000000
25072  -44.639  40.131  -13.176 0.0000000000
27113  -38.290  36.464  -10.817 0.0000000000
27114  -38.843  35.018  -11.155 0.0000000000
27115  -37.463  35.470  -10.206 0.0000000000
27116  -36.485  34.578  -9.673 0.0000000000
29199  -42.733  45.077  -10.900 0.0000000000
29200  -42.157  45.151  -11.699 0.0000000000
29201  -41.938  46.185  -10.657 0.0000000000
29202  -40.958  46.895  -10.367 0.0000000000
29203  -39.573  47.309  -9.939 0.0000000000
29204  -40.429  48.793  -8.341 0.0000000000
29205  -39.447  48.445  -9.094 0.0000000000
29206  -37.995  47.885  -9.517 0.0000000000
29207  -36.275  48.531  -8.984 0.0000000000
29208  -34.731  49.549  -8.972 0.0000000000
29254  -40.945  39.590  -6.069 0.0000000000
29255  -41.016  40.479  -7.284 0.0000000000
29256  -39.812  43.303  -6.390 0.0000000000
29257  -40.470  42.402  -7.400 0.0000000000
29258  -41.394  41.616  -8.290 0.0000000000
29259  -41.968  43.083  -9.283 0.0000000000
29260  -42.645  44.273  -10.103 0.0000000000
30842  -43.700  28.400  -13.665 0.0000000000
30843  -42.913  27.618  -13.949 0.0000000000
31020  -41.963  29.604  -9.532 0.0000000000
31021  -40.436  29.180  -8.285 0.0000000000
33243  -44.238  34.487  -14.452 0.0000000000
33244  -43.294  34.118  -14.569 0.0000000000
33245  -42.917  35.334  -14.406 0.0000000000
33246  -41.630  36.298  -13.540 0.0000000000
33247  -40.371  36.897  -12.469 0.0000000000
33248  -41.232  38.912  -13.197 0.0000000000
33249  -39.998  38.218  -12.289 0.0000000000
33250  -39.014  37.379  -11.520 0.0000000000
33251  -37.775  37.789  -10.723 0.0000000000
33252  -36.541  38.245  -10.013 0.0000000000
33253  -35.234  38.732  -9.466 0.0000000000
33254  -41.006  44.497  -12.175 0.0000000000
33255  -39.588  43.612  -12.097 0.0000000000
33256  -38.095  42.719  -11.666 0.0000000000
33257  -36.727  44.632  -10.893 0.0000000000
33258  -36.693  43.174  -11.160 0.0000000000
33259  -36.772  41.842  -11.255 0.0000000000
33260  -35.678  40.931  -10.804 0.0000000000
33261  -34.780  40.009  -9.977 0.0000000000
33262  -33.894  39.125  -9.105 0.0000000000
33263  -32.465  39.589  -8.865 0.0000000000
33399  -44.290  37.779  -8.355 0.0000000000
33406  -47.708  35.103  -10.705 0.0000000000
33407  -47.486  35.198  -11.763 0.0000000000
33408  -46.418  37.361  -12.422 0.0000000000
33409  -46.852  36.177  -12.600 0.0000000000
33410  -46.905  35.149  -12.738 0.0000000000
33411  -46.145  34.980  -13.468 0.0000000000
33412  -45.206  34.726  -14.117 0.0000000000
37585  -42.503  33.620  -14.533 0.0000000000
37586  -41.850  32.655  -14.015 0.0000000000
37587  -41.259  31.609  -13.518 0.0000000000
37588  -39.340  33.528  -11.616 0.0000000000
37589  -39.927  32.091  -12.277 0.0000000000
37590  -40.481  30.664  -13.073 0.0000000000
41445  -44.774  32.796  -14.315 0.0000000000
41446  -44.502  32.512  -14.489 0.0000000000
41447  -44.277  33.084  -14.550 0.0000000000
41485  -44.962  33.454  -14.210 0.0000000000
41486  -45.359  32.980  -13.822 0.0000000000
41487  -45.097  32.863  -14.109 0.0000000000
41488  -45.181  32.360  -13.936 0.0000000000
42045  -43.161  43.492  -12.088 0.0000000000
42046  -42.823  43.354  -12.445 0.0000000000
42047  -42.722  44.038  -12.124 0.0000000000
42049  -33.023  48.360  -10.346 0.0000000000
42051  -32.095  48.315  -11.088 0.0000000000
42085  -43.286  43.944  -11.425 0.0000000000
42086  -43.597  43.130  -11.376 0.0000000000
42087  -43.430  43.319  -11.756 0.0000000000
42088  -43.578  42.693  -12.088 0.0000000000
43223  -35.021  37.597  -8.949 0.0000000000
43224  -35.208  36.907  -8.908 0.0000000000
43225  -34.483  37.152  -8.561 0.0000000000
44445  -41.610  46.843  -7.995 0.0000000000
44446  -41.697  47.109  -8.483 0.0000000000
44447  -41.485  47.523  -7.927 0.0000000000
44448  -38.240  51.520  -7.293 0.0000000000
44449  -38.380  50.864  -7.738 0.0000000000
44450  -37.610  51.212  -7.607 0.0000000000
44451  -36.852  50.854  -7.929 0.0000000000
44483  -39.408  41.844  -4.921 0.0000000000
44484  -39.148  42.806  -4.950 0.0000000000
44485  -41.101  46.817  -7.043 0.0000000000
44486  -41.003  45.918  -7.267 0.0000000000
44487  -41.402  46.422  -7.627 0.0000000000
44488  -41.630  46.090  -8.235 0.0000000000
45615  -43.852  28.531  -12.189 0.0000000000
45616  -43.669  28.221  -12.370 0.0000000000
45617  -44.149  28.634  -12.779 0.0000000000
45618  -42.409  30.030  -14.272 0.0000000000
45619  -42.531  29.421  -14.328 0.0000000000
45620  -41.995  29.593  -14.175 0.0000000000
45621  -41.524  29.168  -14.087 0.0000000000
45622  -41.422  29.792  -13.876 0.0000000000
45735  -47.107  34.410  -11.261 0.0000000000
45736  -46.708  34.136  -10.749 0.0000000000
45737  -46.672  34.061  -11.248 0.0000000000
45738  -43.187  31.437  -10.395 0.0000000000
45745  -44.329  29.125  -12.324 0.0000000000
45746  -43.679  28.852  -11.495 0.0000000000
45747  -43.823  28.686  -11.859 0.0000000000
45748  -43.227  28.316  -11.380 0.0000000000
47415  -43.819  38.117  -14.004 0.0000000000
47416  -43.166  37.696  -14.026 0.0000000000
47417  -43.162  38.498  -13.919 0.0000000000
47418  -38.880  41.233  -11.993 0.0000000000
47419  -38.953  40.538  -11.983 0.0000000000
47420  -38.241  40.822  -11.693 0.0000000000
47421  -37.674  40.382  -11.389 0.0000000000
47422  -37.555  41.046  -11.442 0.0000000000
47423  -38.931  46.439  -10.534 0.0000000000
47424  -38.985  45.883  -10.929 0.0000000000
47425  -38.208  46.094  -10.621 0.0000000000
47426  -33.466  43.653  -10.803 0.0000000000
47427  -34.155  43.431  -10.709 0.0000000000
47428  -33.557  43.020  -10.745 0.0000000000
47429  -33.639  42.332  -10.596 0.0000000000
47430  -33.014  42.546  -10.689 0.0000000000
47431  -32.509  42.021  -10.393 0.0000000000
47432  -32.415  42.693  -10.843 0.0000000000
47535  -41.893  39.284  -7.558 0.0000000000
47536  -42.482  38.581  -7.348 0.0000000000
47537  -42.454  38.978  -7.962 0.0000000000
47538  -45.687  37.679  -10.703 0.0000000000
47539  -45.825  37.410  -9.979 0.0000000000
47540  -46.314  37.142  -10.226 0.0000000000
47541  -46.932  36.643  -9.814 0.0000000000
47542  -46.745  36.897  -10.487 0.0000000000
47543  -47.103  36.585  -10.701 0.0000000000
47544  -46.584  37.185  -11.150 0.0000000000
47545  -44.311  38.946  -13.773 0.0000000000
47546  -44.869  38.332  -13.745 0.0000000000
47547  -44.365  38.249  -13.917 0.0000000000
47548  -44.390  37.481  -14.005 0.0000000000
50948  -40.249  35.784  -12.276 0.0000000000
50949  -40.502  35.094  -12.559 0.0000000000
50950  -39.891  35.307  -11.983 0.0000000000
54046  -40.531  48.734  -6.303 0.0000000000
54088  -40.303  47.577  -5.933 0.0000000000
55215  -45.086  30.584  -13.690 0.0000000000
55216  -44.924  30.212  -13.782 0.0000000000
55217  -44.935  30.798  -14.030 0.0000000000
55218  -43.847  31.813  -14.513 0.0000000000
55219  -44.143  31.156  -14.418 0.0000000000
55220  -43.556  31.386  -14.449 0.0000000000
55221  -43.194  30.950  -14.393 0.0000000000
55222  -42.906  31.639  -14.401 0.0000000000
55335  -46.366  33.952  -13.075 0.0000000000
55336  -46.409  33.567  -12.587 0.0000000000
55337  -46.138  33.438  -12.997 0.0000000000
55338  -45.630  32.099  -12.865 0.0000000000
55339  -45.603  32.268  -12.527 0.0000000000
55340  -45.324  31.754  -12.264 0.0000000000
55341  -44.753  31.564  -11.608 0.0000000000
55342  -44.920  31.259  -11.952 0.0000000000
55343  -44.533  30.741  -11.584 0.0000000000
55344  -45.119  31.094  -12.343 0.0000000000
55345  -45.193  31.329  -13.674 0.0000000000
55346  -45.220  30.847  -13.067 0.0000000000
55347  -45.113  30.741  -13.386 0.0000000000
55348  -44.968  30.188  -13.091 0.0000000000
57015  -43.594  40.815  -13.270 0.0000000000
57016  -43.059  40.563  -13.422 0.0000000000
57017  -43.003  41.226  -13.161 0.0000000000
57018  -41.657  42.658  -12.727 0.0000000000
57019  -41.638  41.965  -12.861 0.0000000000
57020  -40.970  42.241  -12.718 0.0000000000
57021  -40.285  41.889  -12.499 0.0000000000
57022  -40.286  42.553  -12.454 0.0000000000
57023  -35.564  47.457  -9.415 0.0000000000
57024  -35.702  46.783  -9.710 0.0000000000
57025  -34.888  47.113  -9.543 0.0000000000
57026  -33.047  46.648  -10.526 0.0000000000
57027  -33.653  46.255  -10.231 0.0000000000
57028  -33.122  45.796  -10.624 0.0000000000
57029  -33.197  45.033  -10.718 0.0000000000
57030  -32.614  45.272  -11.049 0.0000000000
57031  -32.158  44.758  -11.397 0.0000000000
57032  -32.104  45.582  -11.346 0.0000000000
57033  -31.104  47.341  -11.585 0.0000000000
57034  -31.114  46.330  -11.725 0.0000000000
57135  -42.625  41.817  -9.650 0.0000000000
57136  -42.830  40.856  -9.581 0.0000000000
57137  -43.119  41.547  -10.066 0.0000000000
57138  -44.124  41.272  -11.400 0.0000000000
57139  -43.969  40.777  -10.959 0.0000000000
57140  -44.361  40.323  -11.359 0.0000000000
57141  -44.682  39.429  -11.284 0.0000000000
57142  -44.725  39.839  -11.746 0.0000000000
57143  -45.114  39.452  -12.087 0.0000000000
57144  -44.765  40.262  -12.121 0.0000000000
57145  -43.873  41.487  -12.771 0.0000000000
57146  -44.415  40.745  -12.841 0.0000000000
57147  -44.083  40.833  -13.072 0.0000000000
57148  -44.179  40.200  -13.361 0.0000000000
60548  -37.639  36.685  -10.372 0.0000000000
60549  -37.907  35.973  -10.493 0.0000000000
60550  -37.234  36.195  -10.060 0.0000000000
60552  -36.334  35.270  -9.478 0.0000000000
64215  -42.492  45.440  -10.371 0.0000000000
64216  -42.374  45.668  -10.800 0.0000000000
64217  -42.204  46.080  -10.290 0.0000000000
64218  -41.199  47.403  -9.470 0.0000000000
64219  -41.337  46.991  -9.994 0.0000000000
64220  -40.831  47.359  -9.901 0.0000000000
64221  -40.313  47.116  -10.172 0.0000000000
64222  -40.203  47.643  -9.653 0.0000000000
64223  -40.587  49.255  -7.408 0.0000000000
64224  -40.769  48.765  -7.907 0.0000000000
64225  -40.300  49.374  -7.893 0.0000000000
64226  -38.570  49.557  -8.611 0.0000000000
64227  -39.336  49.125  -8.686 0.0000000000
64228  -38.693  48.879  -8.990 0.0000000000
64229  -38.774  48.190  -9.368 0.0000000000
64230  -37.939  48.580  -9.204 0.0000000000
64231  -37.128  48.193  -9.255 0.0000000000
64232  -37.070  48.857  -8.918 0.0000000000
64233  -35.441  50.527  -8.494 0.0000000000
64234  -35.412  49.816  -8.651 0.0000000000
64330  -40.154  40.872  -5.784 0.0000000000
64331  -40.481  39.965  -5.661 0.0000000000
64332  -40.514  40.415  -6.241 0.0000000000
64333  -40.918  39.979  -6.725 0.0000000000
64334  -40.580  40.891  -6.839 0.0000000000
64335  -39.609  44.793  -5.667 0.0000000000
64336  -39.532  43.816  -5.876 0.0000000000
64337  -39.833  44.287  -6.239 0.0000000000
64338  -40.818  43.934  -7.789 0.0000000000
64339  -40.438  43.352  -7.387 0.0000000000
64340  -40.802  42.959  -7.881 0.0000000000
64341  -40.927  41.966  -7.877 0.0000000000
64342  -41.192  42.615  -8.350 0.0000000000
64343  -41.659  42.323  -8.791 0.0000000000
64344  -41.585  43.294  -8.777 0.0000000000
64345  -42.118  45.366  -9.383 0.0000000000
64346  -42.266  44.545  -9.546 0.0000000000
64347  -42.423  45.026  -9.957 0.0000000000
64348  -42.751  44.736  -10.516 0.0000000000
67727  -41.760  27.348  -11.119 0.0000000000
67728  -43.078  27.519  -12.627 0.0000000000
67729  -42.597  27.196  -12.303 0.0000000000
67733  -44.330  29.383  -13.929 0.0000000000
67734  -44.078  28.822  -13.593 0.0000000000
67735  -43.863  28.953  -13.927 0.0000000000
67736  -42.633  28.233  -14.281 0.0000000000
67737  -43.036  28.107  -14.121 0.0000000000
68093  -45.635  33.148  -11.456 0.0000000000
68094  -45.577  33.414  -11.082 0.0000000000
68095  -44.924  33.087  -10.907 0.0000000000
68115  -43.582  29.913  -10.857 0.0000000000
68116  -42.660  29.891  -10.074 0.0000000000
68117  -42.976  29.523  -10.384 0.0000000000
68118  -41.815  28.701  -9.606 0.0000000000
68119  -41.532  28.999  -9.210 0.0000000000
68120  -40.732  28.819  -8.591 0.0000000000
68121  -39.584  29.041  -7.661 0.0000000000
68122  -39.858  28.692  -7.976 0.0000000000
68124  -40.152  28.410  -8.479 0.0000000000
68125  -41.816  27.783  -10.433 0.0000000000
68126  -40.709  27.871  -9.490 0.0000000000
68127  -40.962  27.650  -9.987 0.0000000000
73125  -44.136  35.122  -14.489 0.0000000000
73126  -43.596  34.872  -14.501 0.0000000000
73127  -43.446  35.546  -14.429 0.0000000000
73128  -42.040  37.051  -13.705 0.0000000000
73129  -42.139  36.455  -13.850 0.0000000000
73130  -41.560  36.860  -13.415 0.0000000000
73131  -40.991  36.623  -13.004 0.0000000000
73132  -40.872  37.225  -12.911 0.0000000000
73133  -41.781  39.921  -13.332 0.0000000000
73134  -41.825  39.233  -13.463 0.0000000000
73135  -41.139  39.557  -13.086 0.0000000000
73136  -39.235  39.163  -11.901 0.0000000000
73137  -39.880  38.880  -12.279 0.0000000000
73138  -39.338  38.510  -11.864 0.0000000000
73139  -39.468  37.832  -11.889 0.0000000000
73140  -38.845  38.090  -11.450 0.0000000000
73141  -38.403  37.588  -11.091 0.0000000000
73142  -38.179  38.277  -11.115 0.0000000000
73143  -36.684  39.402  -10.612 0.0000000000
73144  -36.956  38.722  -10.474 0.0000000000
73145  -36.354  38.915  -10.151 0.0000000000
73146  -35.890  38.479  -9.703 0.0000000000
73147  -35.687  39.130  -9.896 0.0000000000
73148  -41.636  45.542  -11.595 0.0000000000
73149  -41.621  44.861  -12.024 0.0000000000
73150  -41.068  45.225  -11.803 0.0000000000
73151  -38.853  44.627  -11.627 0.0000000000
73152  -39.588  44.333  -11.924 0.0000000000
73153  -38.844  43.904  -11.818 0.0000000000
73154  -38.820  43.180  -11.916 0.0000000000
73155  -38.113  43.432  -11.599 0.0000000000
73156  -35.939  45.512  -10.326 0.0000000000
73157  -36.697  45.308  -10.662 0.0000000000
73158  -36.000  44.836  -10.591 0.0000000000
73159  -35.464  42.955  -10.814 0.0000000000
73160  -36.085  43.404  -10.909 0.0000000000
73161  -36.060  42.722  -10.986 0.0000000000
73162  -36.667  42.497  -11.178 0.0000000000
73163  -36.171  42.047  -11.069 0.0000000000
73164  -36.238  41.389  -11.067 0.0000000000
73165  -35.593  41.628  -10.869 0.0000000000
73166  -33.919  40.927  -10.110 0.0000000000
73167  -34.551  40.669  -10.247 0.0000000000
73168  -34.127  40.247  -9.855 0.0000000000
73169  -34.353  39.594  -9.566 0.0000000000
73170  -33.669  39.794  -9.426 0.0000000000
73171  -33.185  39.327  -8.947 0.0000000000
73172  -32.977  40.021  -9.282 0.0000000000
73173  -31.455  40.972  -9.826 0.0000000000
73174  -31.579  40.385  -9.335 0.0000000000
73178  -31.168  43.526  -11.892 0.0000000000
73179  -31.173  42.812  -11.505 0.0000000000
73493  -43.611  38.982  -9.340 0.0000000000
73494  -43.560  38.398  -8.728 0.0000000000
73495  -44.173  38.167  -9.069 0.0000000000
73496  -46.160  36.990  -8.624 0.0000000000
73497  -45.589  37.194  -8.311 0.0000000000
73510  -47.628  35.912  -11.071 0.0000000000
73511  -47.809  35.416  -10.635 0.0000000000
73512  -47.716  35.594  -11.207 0.0000000000
73513  -47.649  35.178  -11.246 0.0000000000
73514  -47.522  35.648  -11.704 0.0000000000
73515  -45.692  38.557  -12.596 0.0000000000
73516  -46.143  37.802  -12.309 0.0000000000
73517  -45.918  38.067  -12.756 0.0000000000
73518  -45.927  36.987  -13.335 0.0000000000
73519  -46.294  36.914  -12.927 0.0000000000
73520  -46.460  36.249  -13.013 0.0000000000
73521  -46.904  35.678  -12.672 0.0000000000
73522  -46.541  35.632  -13.064 0.0000000000
73523  -46.530  35.097  -13.112 0.0000000000
73524  -46.127  35.621  -13.397 0.0000000000
73525  -44.579  35.972  -14.249 0.0000000000
73526  -45.193  35.365  -14.054 0.0000000000
73527  -44.651  35.250  -14.339 0.0000000000
73528  -44.729  34.614  -14.343 0.0000000000
83723  -42.591  34.619  -14.410 0.0000000000
83724  -42.882  33.933  -14.537 0.0000000000
83725  -42.235  34.315  -14.234 0.0000000000
83726  -40.918  33.660  -13.155 0.0000000000
83727  -41.557  33.401  -13.807 0.0000000000
83728  -41.212  32.906  -13.452 0.0000000000
83729  -41.499  32.146  -13.736 0.0000000000
83730  -40.918  32.387  -13.173 0.0000000000
83731  -38.397  34.480  -10.839 0.0000000000
83732  -39.087  34.291  -11.378 0.0000000000
83733  -38.631  33.742  -11.065 0.0000000000
83734  -38.770  31.795  -11.529 0.0000000000
83735  -39.195  32.287  -11.704 0.0000000000
83736  -39.494  31.579  -12.084 0.0000000000
83737  -40.192  31.355  -12.664 0.0000000000
83738  -39.772  30.880  -12.513 0.0000000000
83739  -40.024  30.226  -12.952 0.0000000000
83740  -39.280  30.448  -12.438 0.0000000000
93033  -44.995  31.731  -14.115 0.0000000000
93034  -44.868  31.379  -14.247 0.0000000000
93035  -44.656  31.963  -14.395 0.0000000000
93036  -44.190  32.199  -14.561 0.0000000000
93037  -43.561  32.500  -14.618 0.0000000000
93105  -45.662  33.700  -13.707 0.0000000000
93106  -45.896  33.274  -13.297 0.0000000000
93107  -45.604  33.080  -13.556 0.0000000000
93108  -45.591  32.532  -13.351 0.0000000000
93109  -45.527  32.011  -13.164 0.0000000000
93110  -45.433  31.530  -13.010 0.0000000000
93111  -45.430  31.960  -13.496 0.0000000000
93112  -45.229  31.861  -13.812 0.0000000000
94113  -43.335  42.149  -12.637 0.0000000000
94114  -42.884  41.916  -12.887 0.0000000000
94115  -42.824  42.605  -12.644 0.0000000000
94116  -42.272  43.014  -12.634 0.0000000000
94117  -41.682  43.406  -12.588 0.0000000000
94118  -34.079  48.405  -9.439 0.0000000000
94119  -34.146  47.496  -9.570 0.0000000000
94120  -33.486  47.918  -9.911 0.0000000000
94121  -33.002  47.493  -10.409 0.0000000000
94122  -32.516  46.998  -10.841 0.0000000000
94123  -32.068  46.403  -11.196 0.0000000000
94124  -32.048  47.390  -11.128 0.0000000000
94125  -31.600  47.844  -11.386 0.0000000000
94185  -43.211  43.149  -10.551 0.0000000000
94186  -43.406  42.188  -10.519 0.0000000000
94187  -43.542  42.715  -10.959 0.0000000000
94188  -43.825  42.274  -11.406 0.0000000000
94189  -44.108  41.674  -11.727 0.0000000000
94190  -44.404  41.127  -12.103 0.0000000000
94191  -43.977  41.973  -12.056 0.0000000000
94192  -43.707  42.109  -12.425 0.0000000000
96233  -36.352  37.127  -9.583 0.0000000000
96234  -36.582  36.393  -9.645 0.0000000000
96235  -35.907  36.666  -9.265 0.0000000000
96236  -35.383  36.225  -8.940 0.0000000000
98433  -41.970  46.170  -9.238 0.0000000000
98434  -41.977  46.378  -9.734 0.0000000000
98435  -41.800  46.710  -9.139 0.0000000000
98436  -41.499  47.277  -9.019 0.0000000000
98437  -41.079  47.862  -8.884 0.0000000000
98438  -39.546  50.575  -7.397 0.0000000000
98439  -39.724  49.966  -7.884 0.0000000000
98440  -39.031  50.464  -7.845 0.0000000000
98441  -38.445  50.208  -8.170 0.0000000000
98442  -37.781  49.877  -8.405 0.0000000000
98443  -37.039  49.514  -8.583 0.0000000000
98444  -36.938  50.206  -8.246 0.0000000000
98445  -36.128  50.636  -8.168 0.0000000000
98502  -39.730  40.883  -4.841 0.0000000000
98503  -39.798  41.352  -5.344 0.0000000000
98504  -39.838  41.827  -5.865 0.0000000000
98505  -40.184  45.752  -6.368 0.0000000000
98506  -40.137  44.761  -6.593 0.0000000000
98507  -40.554  45.345  -6.923 0.0000000000
98508  -40.891  44.941  -7.514 0.0000000000
98509  -41.243  44.573  -8.132 0.0000000000
98510  -41.596  44.247  -8.663 0.0000000000
98511  -41.610  45.203  -8.466 0.0000000000
98512  -41.872  45.769  -8.804 0.0000000000
100539  -42.699  27.824  -11.307 0.0000000000
100540  -42.541  27.526  -11.536 0.0000000000
100541  -43.163  27.832  -11.953 0.0000000000
100542  -43.439  27.865  -12.479 0.0000000000
100543  -43.487  27.909  -12.965 0.0000000000
100544  -43.509  29.678  -14.314 0.0000000000
100545  -43.584  29.066  -14.174 0.0000000000
100546  -43.056  29.242  -14.331 0.0000000000
100547  -42.625  28.817  -14.361 0.0000000000
100755  -47.170  34.366  -10.263 0.0000000000
100757  -46.680  34.135  -10.283 0.0000000000
100760  -44.441  32.352  -11.040 0.0000000000
100773  -44.080  29.500  -11.631 0.0000000000
100774  -43.264  29.286  -10.753 0.0000000000
100775  -43.520  29.049  -11.133 0.0000000000
100776  -42.827  28.708  -10.587 0.0000000000
100777  -42.063  28.430  -10.009 0.0000000000
100778  -41.290  28.246  -9.489 0.0000000000
100779  -42.355  28.208  -10.463 0.0000000000
100780  -42.631  28.003  -10.930 0.0000000000
103779  -43.877  36.574  -14.226 0.0000000000
103780  -43.308  36.241  -14.273 0.0000000000
103781  -43.210  36.946  -14.125 0.0000000000
103782  -42.575  37.331  -13.922 0.0000000000
103783  -41.959  37.748  -13.608 0.0000000000
103784  -40.352  40.561  -12.641 0.0000000000
103785  -40.405  39.875  -12.674 0.0000000000
103786  -39.689  40.208  -12.280 0.0000000000
103787  -39.081  39.833  -11.939 0.0000000000
103788  -38.514  39.420  -11.575 0.0000000000
103789  -37.969  38.965  -11.191 0.0000000000
103790  -37.812  39.677  -11.296 0.0000000000
103791  -37.136  39.904  -11.040 0.0000000000
103792  -36.487  40.071  -10.776 0.0000000000
103793  -40.450  46.088  -11.108 0.0000000000
103794  -40.444  45.501  -11.535 0.0000000000
103795  -39.695  45.658  -11.227 0.0000000000
103796  -38.935  45.280  -11.297 0.0000000000
103797  -38.213  44.872  -11.285 0.0000000000
103798  -34.619  44.604  -10.488 0.0000000000
103799  -35.378  44.335  -10.573 0.0000000000
103800  -34.757  43.867  -10.632 0.0000000000
103801  -34.842  43.171  -10.701 0.0000000000
103802  -34.903  42.529  -10.756 0.0000000000
103803  -34.931  41.870  -10.694 0.0000000000
103804  -34.304  42.047  -10.576 0.0000000000
103805  -33.767  41.620  -10.340 0.0000000000
103806  -33.259  41.178  -9.968 0.0000000000
103807  -32.794  40.708  -9.569 0.0000000000
103808  -32.618  41.369  -9.964 0.0000000000
103809  -31.982  41.496  -10.087 0.0000000000
103810  -31.318  41.543  -10.320 0.0000000000
103995  -42.015  38.531  -6.267 0.0000000000
103997  -42.582  38.239  -6.707 0.0000000000
103998  -43.182  38.015  -7.063 0.0000000000
103999  -43.819  37.732  -7.388 0.0000000000
104000  -44.641  38.340  -10.131 0.0000000000
104001  -44.714  37.899  -9.422 0.0000000000
104002  -45.248  37.638  -9.725 0.0000000000
104003  -46.018  37.183  -9.263 0.0000000000
104004  -46.675  36.750  -8.878 0.0000000000
104006  -47.111  36.467  -9.162 0.0000000000
104007  -47.482  36.117  -9.469 0.0000000000
104008  -47.749  35.798  -9.703 0.0000000000
104009  -47.864  35.511  -9.913 0.0000000000
104010  -47.562  36.021  -10.286 0.0000000000
104011  -47.446  36.250  -10.915 0.0000000000
104012  -47.218  36.443  -11.493 0.0000000000
104013  -45.187  38.915  -13.305 0.0000000000
104014  -45.642  38.249  -13.141 0.0000000000
104015  -45.309  38.358  -13.463 0.0000000000
104016  -45.374  37.643  -13.630 0.0000000000
104017  -45.469  36.925  -13.653 0.0000000000
104018  -45.603  36.195  -13.652 0.0000000000
104019  -44.937  36.834  -13.888 0.0000000000
104020  -44.453  36.717  -14.093 0.0000000000
110138  -41.418  35.384  -13.467 0.0000000000
110139  -41.641  34.626  -13.767 0.0000000000
110140  -41.067  34.931  -13.164 0.0000000000
110141  -40.701  34.405  -12.843 0.0000000000
110142  -40.339  33.905  -12.525 0.0000000000
110143  -37.437  33.537  -10.356 0.0000000000
110144  -38.167  33.262  -10.847 0.0000000000
110145  -37.671  32.809  -10.706 0.0000000000
110146  -37.959  32.069  -11.083 0.0000000000
115599  -41.070  47.620  -6.876 0.0000000000
115600  -41.282  47.945  -7.374 0.0000000000
115601  -40.945  48.306  -6.849 0.0000000000
115602  -40.670  49.022  -6.824 0.0000000000
115603  -40.333  49.747  -6.851 0.0000000000
115606  -39.913  50.486  -6.877 0.0000000000
115607  -39.374  51.234  -6.926 0.0000000000
115652  -39.024  43.752  -4.900 0.0000000000
115654  -39.378  45.259  -5.182 0.0000000000
115655  -39.652  45.755  -5.517 0.0000000000
115658  -39.928  46.228  -5.834 0.0000000000
115659  -40.286  46.691  -6.140 0.0000000000
115660  -40.768  47.211  -6.476 0.0000000000
117237  -44.742  29.495  -13.033 0.0000000000
117238  -44.506  29.120  -13.117 0.0000000000
117239  -44.785  29.661  -13.490 0.0000000000
117240  -44.672  29.810  -13.855 0.0000000000
117241  -44.383  29.948  -14.149 0.0000000000
117242  -44.620  30.975  -14.265 0.0000000000
117243  -44.306  30.566  -14.293 0.0000000000
117244  -43.897  30.088  -14.346 0.0000000000
117245  -43.370  30.313  -14.383 0.0000000000
117246  -42.792  30.495  -14.330 0.0000000000
117247  -42.192  30.672  -14.151 0.0000000000
117405  -46.836  34.148  -12.309 0.0000000000
117406  -46.686  33.891  -11.757 0.0000000000
117407  -46.535  33.714  -12.181 0.0000000000
117408  -46.183  33.239  -12.033 0.0000000000
117409  -45.644  32.833  -11.779 0.0000000000
117410  -45.911  32.847  -12.814 0.0000000000
117411  -45.674  32.510  -12.135 0.0000000000
117412  -45.143  32.402  -11.572 0.0000000000
117413  -44.614  31.941  -11.321 0.0000000000
117414  -44.013  31.446  -11.015 0.0000000000
117415  -43.449  30.950  -10.677 0.0000000000
117416  -42.910  30.595  -10.263 0.0000000000
117417  -43.777  30.585  -10.921 0.0000000000
117418  -44.092  30.265  -11.217 0.0000000000
117419  -44.348  30.108  -11.663 0.0000000000
117420  -45.181  30.999  -12.729 0.0000000000
117421  -44.919  30.479  -12.458 0.0000000000
117422  -44.552  29.975  -12.084 0.0000000000
117423  -44.665  29.811  -12.441 0.0000000000
117424  -44.721  29.652  -12.745 0.0000000000
119757  -43.704  39.509  -13.730 0.0000000000
119758  -43.098  39.194  -13.795 0.0000000000
119759  -43.070  39.898  -13.661 0.0000000000
119760  -42.462  40.270  -13.444 0.0000000000
119761  -41.789  40.616  -13.170 0.0000000000
119762  -42.323  41.624  -13.005 0.0000000000
119763  -41.721  41.316  -12.988 0.0000000000
119764  -41.061  40.934  -12.867 0.0000000000
119765  -40.289  41.228  -12.557 0.0000000000
119766  -39.590  41.573  -12.260 0.0000000000
119767  -38.837  41.860  -11.993 0.0000000000
119768  -37.299  46.905  -9.903 0.0000000000
119769  -37.392  46.317  -10.304 0.0000000000
119770  -36.580  46.551  -9.963 0.0000000000
119771  -35.840  46.157  -10.037 0.0000000000
119772  -35.192  45.756  -10.103 0.0000000000
119773  -34.260  46.692  -9.804 0.0000000000
119774  -34.412  45.996  -10.078 0.0000000000
119775  -34.525  45.313  -10.265 0.0000000000
119776  -33.887  44.826  -10.532 0.0000000000
119777  -33.319  44.307  -10.858 0.0000000000
119778  -32.817  43.843  -10.971 0.0000000000
119779  -32.318  43.327  -11.071 0.0000000000
119780  -32.244  43.990  -11.277 0.0000000000
119781  -31.714  44.171  -11.649 0.0000000000
119782  -31.169  44.401  -11.972 0.0000000000
119783  -31.615  45.945  -11.584 0.0000000000
119784  -31.135  45.335  -11.896 0.0000000000
119925  -42.144  40.464  -8.698 0.0000000000
119926  -42.503  39.532  -8.533 0.0000000000
119927  -42.625  40.157  -9.059 0.0000000000
119928  -43.164  39.908  -9.500 0.0000000000
119929  -43.681  39.608  -9.954 0.0000000000
119930  -43.565  41.214  -10.533 0.0000000000
119931  -43.784  40.202  -10.470 0.0000000000
119932  -44.146  39.219  -10.363 0.0000000000
119933  -44.622  38.859  -10.771 0.0000000000
119934  -45.127  38.558  -11.092 0.0000000000
119935  -45.593  38.223  -11.363 0.0000000000
119936  -46.007  37.883  -11.618 0.0000000000
119937  -45.513  38.692  -11.951 0.0000000000
119938  -45.454  39.055  -12.368 0.0000000000
119939  -45.298  39.312  -12.748 0.0000000000
119940  -44.667  40.582  -12.508 0.0000000000
119941  -44.887  40.030  -12.830 0.0000000000
119942  -45.073  39.479  -13.139 0.0000000000
119943  -44.704  39.564  -13.377 0.0000000000
119944  -44.262  39.593  -13.594 0.0000000000
124703  -38.917  36.254  -11.287 0.0000000000
124704  -39.260  35.544  -11.436 0.0000000000
124705  -38.591  35.741  -10.939 0.0000000000
124706  -38.160  35.217  -10.660 0.0000000000
124707  -37.702  34.706  -10.371 0.0000000000
124708  -36.818  35.673  -9.767 0.0000000000
124709  -37.012  34.962  -9.921 0.0000000000
124710  -37.210  34.224  -10.107 0.0000000000
129723  -42.944  44.683  -11.387 0.0000000000
129724  -42.644  44.685  -11.753 0.0000000000
129725  -42.572  45.248  -11.314 0.0000000000
129726  -42.066  45.733  -11.189 0.0000000000
129727  -41.561  46.100  -11.029 0.0000000000
129728  -41.800  46.567  -10.123 0.0000000000
129729  -41.472  46.593  -10.487 0.0000000000
129730  -41.026  46.399  -10.849 0.0000000000
129731  -40.423  46.628  -10.652 0.0000000000
129732  -39.644  46.785  -10.396 0.0000000000
129733  -38.865  46.991  -10.107 0.0000000000
129734  -41.207  48.210  -7.914 0.0000000000
129735  -40.938  48.302  -8.394 0.0000000000
129736  -40.564  48.272  -8.795 0.0000000000
129737  -39.903  49.324  -8.316 0.0000000000
129738  -40.002  48.713  -8.737 0.0000000000
129739  -40.119  48.173  -9.175 0.0000000000
129740  -39.513  47.883  -9.506 0.0000000000
129741  -38.849  47.566  -9.734 0.0000000000
129742  -38.033  47.232  -9.804 0.0000000000
129743  -37.157  47.491  -9.554 0.0000000000
129744  -36.336  47.837  -9.294 0.0000000000
129745  -35.494  48.251  -9.116 0.0000000000
129746  -36.200  49.286  -8.711 0.0000000000
129747  -35.416  49.029  -8.847 0.0000000000
129748  -34.707  48.727  -9.073 0.0000000000
129749  -34.085  49.240  -9.334 0.0000000000
129871  -41.035  39.208  -5.471 0.0000000000
129872  -41.524  38.856  -5.853 0.0000000000
129873  -41.371  39.232  -6.469 0.0000000000
129874  -41.398  39.638  -7.121 0.0000000000
129875  -41.466  40.128  -7.732 0.0000000000
129876  -39.325  43.325  -5.403 0.0000000000
129877  -39.594  42.811  -5.903 0.0000000000
129878  -39.903  42.323  -6.383 0.0000000000
129879  -40.083  43.772  -6.847 0.0000000000
129880  -40.108  42.839  -6.880 0.0000000000
129881  -40.286  41.869  -6.873 0.0000000000
129882  -40.729  41.384  -7.374 0.0000000000
129883  -41.180  40.989  -7.824 0.0000000000
129884  -41.665  40.724  -8.253 0.0000000000
129885  -41.858  41.346  -8.735 0.0000000000
129886  -42.109  42.056  -9.253 0.0000000000
129887  -42.468  42.780  -9.716 0.0000000000
129888  -41.976  43.964  -9.146 0.0000000000
129889  -42.366  43.689  -9.675 0.0000000000
129890  -42.798  43.422  -10.164 0.0000000000
129891  -42.987  43.987  -10.568 0.0000000000
129892  -43.015  44.386  -11.021 0.0000000000
134174  -42.307  27.228  -11.727 0.0000000000
134180  -44.197  28.714  -13.208 0.0000000000
134181  -43.836  28.326  -13.296 0.0000000000
134182  -43.462  27.939  -13.401 0.0000000000
134183  -43.445  28.480  -13.955 0.0000000000
134184  -43.332  27.975  -13.788 0.0000000000
134185  -43.134  27.525  -13.571 0.0000000000
134198  -33.543  38.092  -8.443 0.0000000000
134636  -46.182  33.728  -11.244 0.0000000000
134637  -45.436  33.690  -10.689 0.0000000000
134664  -42.294  30.275  -9.785 0.0000000000
134665  -41.646  29.965  -9.263 0.0000000000
134667  -42.280  29.232  -9.839 0.0000000000
134668  -41.230  29.368  -8.920 0.0000000000
134676  -40.418  28.132  -8.978 0.0000000000
140895  -44.412  33.923  -14.458 0.0000000000
140896  -43.987  33.695  -14.572 0.0000000000
140897  -43.769  34.267  -14.557 0.0000000000
140898  -43.040  34.747  -14.508 0.0000000000
140899  -42.398  35.304  -14.216 0.0000000000
140900  -42.784  35.998  -14.207 0.0000000000
140901  -42.258  35.900  -14.029 0.0000000000
140902  -41.784  35.765  -13.754 0.0000000000
140903  -41.118  36.046  -13.172 0.0000000000
140904  -40.582  36.256  -12.619 0.0000000000
140905  -39.934  36.476  -12.120 0.0000000000
140906  -42.460  38.833  -13.737 0.0000000000
140907  -41.899  38.491  -13.556 0.0000000000
140908  -41.317  38.225  -13.239 0.0000000000
140909  -40.469  39.217  -12.718 0.0000000000
140910  -40.598  38.580  -12.760 0.0000000000
140911  -40.732  37.919  -12.832 0.0000000000
140912  -40.159  37.551  -12.377 0.0000000000
140913  -39.652  37.157  -12.006 0.0000000000
140914  -39.255  36.716  -11.648 0.0000000000
140915  -38.641  36.930  -11.154 0.0000000000
140916  -38.025  37.123  -10.728 0.0000000000
140917  -37.396  37.324  -10.309 0.0000000000
140918  -37.552  38.496  -10.794 0.0000000000
140919  -37.169  38.018  -10.362 0.0000000000
140920  -36.747  37.539  -9.918 0.0000000000
140921  -36.092  37.809  -9.568 0.0000000000
140922  -35.456  38.056  -9.319 0.0000000000
140923  -34.784  38.291  -9.088 0.0000000000
140924  -42.220  44.495  -12.124 0.0000000000
140925  -41.656  44.155  -12.371 0.0000000000
140926  -40.990  43.756  -12.423 0.0000000000
140927  -40.409  44.833  -11.909 0.0000000000
140928  -40.301  44.049  -12.200 0.0000000000
140929  -40.290  43.288  -12.352 0.0000000000
140930  -39.565  42.886  -12.192 0.0000000000
140931  -38.786  42.486  -11.989 0.0000000000
140932  -38.093  42.088  -11.716 0.0000000000
140933  -37.454  45.724  -10.717 0.0000000000
140934  -37.467  45.097  -10.977 0.0000000000
140935  -37.447  44.418  -11.225 0.0000000000
140936  -36.083  44.106  -10.781 0.0000000000
140937  -36.736  43.880  -11.061 0.0000000000
140938  -37.410  43.652  -11.349 0.0000000000
140939  -37.390  42.947  -11.387 0.0000000000
140940  -37.370  42.277  -11.403 0.0000000000
140941  -37.446  41.661  -11.463 0.0000000000
140942  -36.842  41.200  -11.254 0.0000000000
140943  -36.309  40.733  -10.982 0.0000000000
140944  -35.862  40.258  -10.562 0.0000000000
140945  -35.006  41.175  -10.609 0.0000000000
140946  -35.215  40.447  -10.382 0.0000000000
140947  -35.438  39.789  -10.114 0.0000000000
140948  -35.015  39.359  -9.704 0.0000000000
140949  -34.585  38.936  -9.298 0.0000000000
140950  -34.078  38.519  -8.864 0.0000000000
140951  -33.379  38.692  -8.666 0.0000000000
140952  -32.638  38.940  -8.507 0.0000000000
140954  -32.280  40.225  -9.250 0.0000000000
140955  -31.719  39.775  -8.904 0.0000000000
140960  -31.753  42.789  -11.053 0.0000000000
140961  -31.206  42.131  -10.883 0.0000000000
141345  -43.023  38.692  -8.335 0.0000000000
141346  -43.690  38.011  -8.057 0.0000000000
141347  -44.421  37.516  -7.690 0.0000000000
141348  -44.845  37.556  -8.707 0.0000000000
141349  -44.998  37.358  -7.981 0.0000000000
141366  -47.862  35.253  -10.083 0.0000000000
141367  -47.764  34.953  -10.156 0.0000000000
141368  -47.500  34.667  -10.211 0.0000000000
141369  -47.549  34.725  -10.743 0.0000000000
141370  -47.448  34.776  -11.270 0.0000000000
141371  -47.292  34.717  -11.804 0.0000000000
141372  -46.373  37.481  -11.764 0.0000000000
141373  -46.668  37.051  -11.905 0.0000000000
141374  -46.952  36.633  -12.052 0.0000000000
141375  -46.094  37.531  -12.837 0.0000000000
141376  -46.652  36.753  -12.509 0.0000000000
141377  -47.165  36.153  -12.128 0.0000000000
141378  -47.289  35.688  -12.216 0.0000000000
141379  -47.203  35.187  -12.277 0.0000000000
141380  -47.056  34.654  -12.307 0.0000000000
141381  -46.774  34.597  -12.763 0.0000000000
141382  -46.484  34.492  -13.135 0.0000000000
141383  -46.098  34.384  -13.475 0.0000000000
141384  -45.679  35.490  -13.734 0.0000000000
141385  -45.694  34.854  -13.799 0.0000000000
141386  -45.701  34.251  -13.798 0.0000000000
141387  -45.252  34.138  -14.063 0.0000000000
141388  -44.841  34.024  -14.286 0.0000000000
153715  -43.603  33.448  -14.673 0.0000000000
153716  -43.234  33.208  -14.632 0.0000000000
153717  -42.852  32.853  -14.558 0.0000000000
153718  -41.866  33.868  -14.050 0.0000000000
153719  -42.184  33.146  -14.286 0.0000000000
153720  -42.516  32.404  -14.450 0.0000000000
153721  -42.205  31.911  -14.186 0.0000000000
153722  -41.904  31.382  -13.973 0.0000000000
153723  -41.536  30.918  -13.805 0.0000000000
153724  -39.505  34.826  -11.679 0.0000000000
153725  -39.744  34.109  -11.934 0.0000000000
153726  -40.027  33.358  -12.187 0.0000000000
153727  -38.888  32.990  -11.359 0.0000000000
153728  -39.631  32.816  -11.923 0.0000000000
153729  -40.296  32.608  -12.543 0.0000000000
153730  -40.574  31.846  -12.934 0.0000000000
153731  -40.870  31.132  -13.256 0.0000000000
153732  -41.138  30.461  -13.582 0.0000000000
153733  -40.749  30.008  -13.447 0.0000000000
153734  -40.206  29.621  -13.362 0.0000000000
