#!ascii label  , from subject fsaverage vox2ras=TkReg 
1350
112  -6.367  36.566  -6.322 0.0000000000
114  -7.316  37.495  13.499 0.0000000000
248  -6.749  38.696  3.025 0.0000000000
502  -4.284  23.944  -3.550 0.0000000000
728  -11.712  44.100  2.683 0.0000000000
1102  -5.927  30.665  -5.903 0.0000000000
1103  -0.981  25.919  -1.833 0.0000000000
1104  -5.809  31.766  -2.103 0.0000000000
1105  -5.823  38.848  8.246 0.0000000000
1106  -5.171  33.558  6.421 0.0000000000
1107  -6.086  33.300  11.118 0.0000000000
1146  -6.506  27.352  -8.893 0.0000000000
1597  -9.370  40.317  -3.624 0.0000000000
1598  -5.906  38.442  -2.077 0.0000000000
1599  -8.113  42.112  0.239 0.0000000000
1600  -9.878  41.018  4.647 0.0000000000
1601  -11.701  39.311  9.234 0.0000000000
2157  -4.361  33.261  1.769 0.0000000000
2168  -10.246  33.599  17.721 0.0000000000
2207  -5.543  20.470  -6.706 0.0000000000
3022  -5.794  33.882  -6.473 0.0000000000
3023  -6.273  31.288  -4.010 0.0000000000
3024  -6.107  34.364  -4.502 0.0000000000
3025  -6.473  38.477  10.928 0.0000000000
3026  -5.591  36.287  9.913 0.0000000000
3027  -5.492  36.137  12.700 0.0000000000
3028  -5.842  33.244  13.667 0.0000000000
3029  -5.729  35.700  15.248 0.0000000000
3063  -8.622  37.071  -7.082 0.0000000000
3065  -7.137  34.820  -8.057 0.0000000000
3066  -6.234  32.127  -8.051 0.0000000000
3622  -11.331  41.821  -2.250 0.0000000000
3623  -8.300  41.730  -1.950 0.0000000000
3624  -10.292  42.821  -0.632 0.0000000000
3626  -9.797  43.012  3.628 0.0000000000
3627  -11.537  41.847  5.570 0.0000000000
3628  -10.941  39.873  6.787 0.0000000000
3629  -12.851  41.093  7.696 0.0000000000
4747  -3.118  20.816  -3.494 0.0000000000
4755  -6.331  38.994  0.417 0.0000000000
4756  -6.991  35.503  -0.030 0.0000000000
4757  -6.440  35.741  2.285 0.0000000000
4758  -2.946  31.776  8.218 0.0000000000
4759  -1.414  32.244  6.017 0.0000000000
4878  -5.877  25.548  -6.179 0.0000000000
4879  -6.189  24.044  -7.772 0.0000000000
4880  -5.068  22.278  -5.079 0.0000000000
4881  -4.175  18.994  -4.748 0.0000000000
5828  -5.045  10.843  -7.488 0.0000000000
6592  -5.669  27.300  -4.545 0.0000000000
6593  -2.465  24.691  -2.366 0.0000000000
6594  -4.621  28.032  -2.960 0.0000000000
6595  -3.499  29.164  -1.932 0.0000000000
6597  -5.989  38.718  5.570 0.0000000000
6598  -6.016  36.062  4.748 0.0000000000
6599  -5.899  36.207  7.266 0.0000000000
6600  -5.842  33.405  8.671 0.0000000000
6601  -4.540  31.095  10.273 0.0000000000
6671  -6.542  30.423  -9.541 0.0000000000
6672  -5.965  28.943  -7.375 0.0000000000
7567  -7.718  38.688  -5.270 0.0000000000
7568  -5.748  37.493  -4.447 0.0000000000
7569  -6.506  40.191  -3.445 0.0000000000
7570  -6.123  41.131  -1.024 0.0000000000
7571  -6.373  41.467  1.583 0.0000000000
7572  -9.828  43.100  1.386 0.0000000000
7573  -8.261  42.308  2.762 0.0000000000
7574  -7.711  40.613  3.986 0.0000000000
7575  -8.232  39.595  6.407 0.0000000000
7576  -8.733  39.042  8.931 0.0000000000
7577  -9.567  38.447  11.382 0.0000000000
9033  -6.756  35.081  -2.367 0.0000000000
9034  -4.966  32.648  -0.266 0.0000000000
9036  -4.356  33.459  4.097 0.0000000000
9058  -12.807  38.851  11.944 0.0000000000
9059  -10.870  37.165  13.648 0.0000000000
9067  -11.901  35.722  16.078 0.0000000000
9068  -8.736  35.647  15.742 0.0000000000
9069  -7.164  34.002  17.514 0.0000000000
9181  -6.625  25.659  -10.267 0.0000000000
9182  -6.385  22.359  -9.147 0.0000000000
9183  -5.985  18.670  -7.946 0.0000000000
9184  -4.865  16.989  -6.104 0.0000000000
10702  -5.959  35.294  -6.503 0.0000000000
10703  -5.840  34.104  -5.489 0.0000000000
10704  -5.762  35.604  -5.611 0.0000000000
10705  -6.951  38.080  12.284 0.0000000000
10706  -5.556  37.514  11.981 0.0000000000
10707  -5.881  37.211  13.378 0.0000000000
10708  -5.523  35.939  14.071 0.0000000000
10709  -6.356  36.821  14.545 0.0000000000
10743  -7.455  36.834  -6.774 0.0000000000
10744  -7.877  35.995  -7.653 0.0000000000
10745  -6.787  35.676  -7.182 0.0000000000
10746  -6.323  34.449  -7.411 0.0000000000
11303  -10.708  42.391  -1.484 0.0000000000
11304  -11.841  42.911  -0.931 0.0000000000
11306  -11.246  42.962  5.220 0.0000000000
11307  -12.140  42.533  6.168 0.0000000000
11308  -12.248  41.482  6.607 0.0000000000
11309  -12.777  42.333  7.218 0.0000000000
12427  -3.622  22.321  -3.438 0.0000000000
12428  -2.183  21.040  -2.912 0.0000000000
12429  -2.681  22.593  -2.811 0.0000000000
12435  -6.697  38.866  1.672 0.0000000000
12436  -7.038  37.184  1.298 0.0000000000
12437  -6.635  37.162  2.655 0.0000000000
12558  -5.293  24.763  -4.696 0.0000000000
12559  -5.532  23.968  -5.552 0.0000000000
12560  -4.762  23.116  -4.230 0.0000000000
12561  -4.225  21.479  -4.093 0.0000000000
14827  -6.016  29.014  -5.297 0.0000000000
14828  -5.210  27.636  -3.707 0.0000000000
14829  -5.962  29.304  -4.362 0.0000000000
14830  -6.177  31.541  -3.024 0.0000000000
14831  -5.279  30.034  -2.722 0.0000000000
14832  -4.668  30.472  -1.959 0.0000000000
14833  -2.762  29.615  -1.330 0.0000000000
14834  -4.060  30.910  -1.281 0.0000000000
14835  -5.741  38.891  6.881 0.0000000000
14836  -5.554  37.586  6.479 0.0000000000
14837  -5.392  37.750  7.775 0.0000000000
14838  -6.019  34.802  10.559 0.0000000000
14839  -6.174  34.826  9.229 0.0000000000
14840  -6.047  33.364  9.880 0.0000000000
14841  -5.270  32.268  9.428 0.0000000000
14842  -5.814  32.034  10.598 0.0000000000
14843  -5.290  30.847  11.257 0.0000000000
14844  -6.115  31.960  11.721 0.0000000000
14845  -5.634  32.978  14.867 0.0000000000
14957  -7.043  31.824  -9.632 0.0000000000
14958  -5.741  31.438  -7.105 0.0000000000
14959  -5.886  30.600  -7.828 0.0000000000
14960  -5.882  29.846  -6.672 0.0000000000
14961  -6.020  28.165  -6.067 0.0000000000
16186  -4.943  8.738  -7.758 0.0000000000
16627  -8.466  39.584  -4.433 0.0000000000
16628  -7.012  39.499  -4.418 0.0000000000
16629  -7.850  40.387  -3.612 0.0000000000
16630  -8.047  41.946  -0.942 0.0000000000
16631  -7.116  41.492  -1.576 0.0000000000
16632  -7.129  41.716  -0.382 0.0000000000
16633  -6.136  41.430  0.256 0.0000000000
16634  -7.098  41.950  0.891 0.0000000000
16635  -12.153  43.900  1.667 0.0000000000
16636  -11.170  43.412  1.014 0.0000000000
16637  -10.802  43.560  2.018 0.0000000000
16638  -9.936  41.998  4.185 0.0000000000
16639  -9.061  42.728  3.183 0.0000000000
16640  -9.052  41.779  3.826 0.0000000000
16641  -7.927  41.606  3.434 0.0000000000
16642  -8.795  40.830  4.314 0.0000000000
16643  -8.122  40.007  5.100 0.0000000000
16644  -9.341  40.135  5.408 0.0000000000
16645  -11.310  39.520  8.047 0.0000000000
16646  -9.992  39.260  7.834 0.0000000000
16647  -10.362  39.028  9.093 0.0000000000
16648  -9.219  38.743  10.181 0.0000000000
16649  -10.738  38.793  10.348 0.0000000000
16760  -9.866  39.480  -4.665 0.0000000000
16761  -9.020  38.675  -5.469 0.0000000000
20010  -1.722  25.280  -2.122 0.0000000000
20011  -0.967  23.576  -2.232 0.0000000000
20025  -5.742  37.993  -3.308 0.0000000000
20026  -6.190  36.431  -3.469 0.0000000000
20027  -6.503  36.767  -2.327 0.0000000000
20028  -5.865  34.161  0.936 0.0000000000
20029  -6.209  33.905  -0.094 0.0000000000
20030  -4.562  32.995  0.708 0.0000000000
20031  -2.987  31.886  0.424 0.0000000000
20032  -2.766  32.265  1.465 0.0000000000
20033  -6.044  34.665  5.602 0.0000000000
20034  -5.781  34.565  4.381 0.0000000000
20035  -4.741  33.525  5.260 0.0000000000
20091  -11.872  37.993  12.765 0.0000000000
20092  -12.383  37.393  13.934 0.0000000000
20111  -11.779  33.840  18.033 0.0000000000
20113  -11.135  34.654  16.871 0.0000000000
20114  -10.424  35.496  15.809 0.0000000000
20115  -9.507  34.637  16.765 0.0000000000
20116  -7.798  34.886  16.728 0.0000000000
20117  -8.661  33.820  17.635 0.0000000000
20393  -6.473  28.075  -10.004 0.0000000000
20395  -6.577  26.513  -9.569 0.0000000000
20396  -5.910  22.326  -7.153 0.0000000000
20397  -6.318  23.219  -8.486 0.0000000000
20398  -6.069  21.454  -7.892 0.0000000000
20399  -6.191  20.561  -8.562 0.0000000000
20400  -5.780  19.654  -7.390 0.0000000000
20402  -5.177  18.769  -6.399 0.0000000000
23872  -5.764  32.364  -6.265 0.0000000000
23873  -6.112  30.954  -4.942 0.0000000000
23874  -5.983  32.618  -5.286 0.0000000000
23875  -6.297  32.859  -4.297 0.0000000000
23876  -6.477  33.085  -3.243 0.0000000000
23877  -6.046  38.743  9.626 0.0000000000
23878  -5.289  37.741  9.184 0.0000000000
23879  -5.311  37.702  10.559 0.0000000000
23880  -5.496  36.270  11.310 0.0000000000
23881  -5.833  34.755  11.925 0.0000000000
23882  -6.012  33.355  12.416 0.0000000000
23883  -5.664  34.718  13.283 0.0000000000
23884  -5.547  34.537  14.498 0.0000000000
23885  -5.624  34.129  15.678 0.0000000000
23948  -8.155  35.158  -8.475 0.0000000000
23949  -7.490  33.918  -8.754 0.0000000000
23950  -6.927  32.654  -8.868 0.0000000000
23951  -6.693  33.503  -8.149 0.0000000000
23952  -5.998  33.087  -7.367 0.0000000000
24952  -10.386  41.036  -2.860 0.0000000000
24953  -8.704  41.158  -2.801 0.0000000000
24954  -9.727  41.819  -2.101 0.0000000000
24955  -9.148  42.328  -1.298 0.0000000000
24956  -8.956  42.510  -0.355 0.0000000000
24957  -11.143  44.263  3.652 0.0000000000
24958  -10.550  43.644  2.996 0.0000000000
24959  -10.483  43.419  4.140 0.0000000000
24960  -10.702  42.344  4.650 0.0000000000
24961  -10.802  41.351  5.033 0.0000000000
24962  -10.554  40.398  5.632 0.0000000000
24963  -11.517  40.821  6.018 0.0000000000
24964  -12.036  40.375  7.109 0.0000000000
24965  -12.511  40.074  8.381 0.0000000000
26977  -2.764  19.336  -3.599 0.0000000000
26979  -2.003  19.534  -3.017 0.0000000000
26991  -6.091  38.797  -0.849 0.0000000000
26992  -6.710  37.074  -1.121 0.0000000000
26993  -6.889  37.282  0.087 0.0000000000
26994  -6.793  35.612  1.135 0.0000000000
26995  -5.654  34.376  2.009 0.0000000000
26996  -4.060  32.618  7.268 0.0000000000
26997  -3.437  32.709  6.126 0.0000000000
26998  -2.237  32.070  7.136 0.0000000000
27212  -6.226  26.473  -7.623 0.0000000000
27213  -6.361  25.674  -8.317 0.0000000000
27214  -6.016  24.844  -7.021 0.0000000000
27215  -5.705  23.230  -6.434 0.0000000000
27216  -5.309  21.388  -5.883 0.0000000000
27217  -4.916  19.729  -5.572 0.0000000000
27218  -4.606  20.700  -4.823 0.0000000000
27219  -3.721  19.960  -4.105 0.0000000000
28957  -5.791  15.561  -8.094 0.0000000000
28958  -5.637  13.918  -8.178 0.0000000000
30742  -4.993  25.601  -3.930 0.0000000000
30743  -3.396  24.245  -2.842 0.0000000000
30744  -4.316  26.002  -3.164 0.0000000000
30745  -3.563  26.448  -2.537 0.0000000000
30746  -2.797  26.980  -2.102 0.0000000000
30747  -5.640  29.649  -3.506 0.0000000000
30748  -4.071  28.569  -2.433 0.0000000000
30749  -2.160  27.582  -1.799 0.0000000000
30753  -6.418  38.631  4.347 0.0000000000
30754  -6.175  37.354  3.908 0.0000000000
30755  -5.783  37.492  5.168 0.0000000000
30756  -5.966  36.115  6.018 0.0000000000
30757  -6.090  34.710  6.796 0.0000000000
30758  -5.785  36.233  8.506 0.0000000000
30759  -6.171  34.807  7.980 0.0000000000
30760  -5.557  33.519  7.518 0.0000000000
30761  -4.710  32.476  8.354 0.0000000000
30762  -3.813  31.436  9.268 0.0000000000
30763  -2.761  30.392  10.148 0.0000000000
30768  -6.173  31.898  12.942 0.0000000000
30924  -6.466  29.626  -10.308 0.0000000000
30925  -6.379  28.906  -9.277 0.0000000000
30926  -6.424  31.281  -8.812 0.0000000000
30927  -6.144  29.683  -8.549 0.0000000000
30928  -6.234  28.092  -8.131 0.0000000000
30929  -6.058  27.244  -6.868 0.0000000000
30930  -5.790  26.437  -5.326 0.0000000000
33157  -6.985  37.724  -5.903 0.0000000000
33158  -5.959  37.116  -5.455 0.0000000000
33159  -6.309  38.414  -5.069 0.0000000000
33160  -5.853  38.981  -4.171 0.0000000000
33161  -5.582  39.467  -2.944 0.0000000000
33162  -7.368  41.061  -2.652 0.0000000000
33163  -6.127  40.733  -2.259 0.0000000000
33164  -5.626  39.905  -1.647 0.0000000000
33165  -5.754  40.360  -0.313 0.0000000000
33166  -6.109  40.421  1.005 0.0000000000
33167  -6.573  40.242  2.220 0.0000000000
33168  -11.430  43.232  0.005 0.0000000000
33169  -10.014  43.006  0.315 0.0000000000
33170  -8.915  42.625  0.816 0.0000000000
33171  -9.699  43.170  2.422 0.0000000000
33172  -8.847  42.801  1.966 0.0000000000
33173  -8.049  42.368  1.514 0.0000000000
33174  -7.301  41.964  2.225 0.0000000000
33175  -7.030  41.148  2.842 0.0000000000
33176  -6.962  39.916  3.484 0.0000000000
33177  -7.036  39.569  4.807 0.0000000000
33178  -6.819  39.545  6.060 0.0000000000
33179  -6.850  39.437  7.373 0.0000000000
33180  -9.702  39.609  6.584 0.0000000000
33181  -8.382  39.316  7.648 0.0000000000
33182  -7.155  39.216  8.696 0.0000000000
33183  -7.607  38.891  9.944 0.0000000000
33184  -8.034  38.517  11.220 0.0000000000
33185  -8.477  37.988  12.363 0.0000000000
33327  -8.239  37.812  -6.164 0.0000000000
37323  -1.797  23.015  -2.422 0.0000000000
37341  -5.906  36.024  -4.579 0.0000000000
37342  -6.412  34.719  -3.422 0.0000000000
37343  -6.548  33.356  -2.204 0.0000000000
37344  -6.913  35.324  -1.175 0.0000000000
37345  -6.477  33.682  -1.185 0.0000000000
37346  -5.415  32.246  -1.171 0.0000000000
37347  -3.495  31.385  -0.453 0.0000000000
37350  -6.183  35.890  3.468 0.0000000000
37351  -5.645  34.476  3.179 0.0000000000
37352  -4.273  33.396  2.913 0.0000000000
37353  -2.884  32.732  4.998 0.0000000000
37354  -2.636  32.709  3.788 0.0000000000
37355  -2.603  32.519  2.554 0.0000000000
37414  -13.421  41.045  8.982 0.0000000000
37415  -13.017  39.941  9.703 0.0000000000
37418  -12.291  39.081  10.621 0.0000000000
37419  -11.314  38.479  11.605 0.0000000000
37420  -10.190  37.912  12.566 0.0000000000
37421  -9.130  37.289  13.510 0.0000000000
37446  -11.350  36.452  14.899 0.0000000000
37447  -9.790  36.425  14.722 0.0000000000
37448  -8.018  36.622  14.700 0.0000000000
37449  -6.995  35.922  15.727 0.0000000000
37450  -6.331  34.849  16.507 0.0000000000
37451  -6.037  33.647  17.018 0.0000000000
37786  -6.529  24.936  -9.047 0.0000000000
37787  -6.559  24.095  -9.733 0.0000000000
37788  -6.562  23.288  -10.442 0.0000000000
37792  -5.711  16.614  -7.531 0.0000000000
37793  -5.111  15.835  -6.676 0.0000000000
37794  -4.519  14.878  -5.902 0.0000000000
37795  -4.566  17.978  -5.467 0.0000000000
37796  -4.258  16.216  -5.332 0.0000000000
41422  -6.137  35.940  -6.423 0.0000000000
41423  -5.850  35.438  -6.038 0.0000000000
41424  -5.943  36.152  -5.986 0.0000000000
41425  -7.133  37.806  12.892 0.0000000000
41426  -6.333  37.725  12.851 0.0000000000
41427  -6.536  37.451  13.475 0.0000000000
41428  -6.066  37.019  14.007 0.0000000000
41429  -6.795  37.197  14.045 0.0000000000
41463  -6.872  36.725  -6.580 0.0000000000
41464  -7.090  36.256  -7.013 0.0000000000
41465  -6.553  36.112  -6.781 0.0000000000
41466  -6.340  35.493  -6.866 0.0000000000
41872  -6.493  17.238  -9.675 0.0000000000
42023  -12.063  42.761  -1.390 0.0000000000
42026  -11.939  43.119  5.979 0.0000000000
42028  -12.476  42.435  6.697 0.0000000000
43147  -3.951  23.122  -3.452 0.0000000000
43148  -3.142  22.469  -3.085 0.0000000000
43149  -3.479  23.250  -3.109 0.0000000000
43155  -6.770  38.791  2.355 0.0000000000
43156  -6.880  37.963  2.095 0.0000000000
43157  -6.701  37.967  2.824 0.0000000000
43278  -4.854  24.370  -4.067 0.0000000000
43279  -5.040  23.946  -4.451 0.0000000000
43280  -4.529  23.530  -3.905 0.0000000000
43281  -4.233  22.706  -3.766 0.0000000000
45547  -6.029  29.839  -5.644 0.0000000000
45548  -6.018  29.139  -4.820 0.0000000000
45549  -6.071  29.962  -5.165 0.0000000000
45550  -5.959  31.650  -2.564 0.0000000000
45551  -5.513  30.881  -2.448 0.0000000000
45552  -5.227  31.112  -2.046 0.0000000000
45553  -4.362  30.701  -1.626 0.0000000000
45554  -5.014  31.317  -1.593 0.0000000000
45555  -5.772  38.896  7.531 0.0000000000
45556  -5.467  38.371  7.307 0.0000000000
45557  -5.454  38.346  8.019 0.0000000000
45558  -6.072  34.049  10.870 0.0000000000
45559  -6.101  34.071  10.222 0.0000000000
45560  -6.061  33.336  10.499 0.0000000000
45561  -5.932  32.676  10.189 0.0000000000
45562  -6.016  32.650  10.825 0.0000000000
45563  -5.945  32.001  11.149 0.0000000000
45564  -6.110  32.643  11.417 0.0000000000
45565  -5.590  32.840  15.424 0.0000000000
45677  -7.338  32.499  -9.615 0.0000000000
45678  -5.796  31.071  -6.514 0.0000000000
45679  -5.789  30.652  -6.901 0.0000000000
45680  -5.874  30.262  -6.302 0.0000000000
45681  -5.977  29.440  -6.004 0.0000000000
47347  -8.916  39.974  -4.009 0.0000000000
47348  -8.136  39.980  -4.027 0.0000000000
47349  -8.566  40.377  -3.597 0.0000000000
47350  -8.069  42.020  -0.374 0.0000000000
47351  -7.586  41.820  -0.676 0.0000000000
47352  -7.687  41.897  -0.070 0.0000000000
47353  -7.140  41.823  0.245 0.0000000000
47354  -7.638  42.029  0.560 0.0000000000
47355  -11.936  43.999  2.197 0.0000000000
47356  -11.460  43.723  1.836 0.0000000000
47357  -11.267  43.816  2.335 0.0000000000
47358  -10.007  41.487  4.414 0.0000000000
47359  -9.550  41.870  4.000 0.0000000000
47360  -9.489  41.387  4.231 0.0000000000
47361  -8.961  41.308  4.038 0.0000000000
47362  -9.338  40.924  4.477 0.0000000000
47363  -9.110  40.472  4.812 0.0000000000
47364  -9.700  40.565  4.936 0.0000000000
47365  -11.492  39.374  8.644 0.0000000000
47366  -10.859  39.223  8.569 0.0000000000
47367  -11.065  39.148  9.169 0.0000000000
47368  -10.559  38.936  9.692 0.0000000000
47369  -11.285  39.073  9.756 0.0000000000
47478  -10.079  40.243  -3.740 0.0000000000
47480  -9.632  39.884  -4.118 0.0000000000
47481  -9.179  39.489  -4.550 0.0000000000
50730  -1.329  25.565  -1.963 0.0000000000
50731  -0.925  24.701  -2.087 0.0000000000
50732  -0.588  25.049  -1.988 0.0000000000
50745  -5.829  38.198  -2.714 0.0000000000
50746  -6.089  37.421  -2.832 0.0000000000
50747  -6.201  37.636  -2.231 0.0000000000
50748  -5.121  33.693  1.349 0.0000000000
50749  -5.283  33.552  0.827 0.0000000000
50750  -4.480  33.185  1.226 0.0000000000
50751  -3.677  32.607  1.109 0.0000000000
50752  -3.645  32.751  1.638 0.0000000000
50753  -5.628  34.056  5.981 0.0000000000
50754  -5.515  34.055  5.404 0.0000000000
50755  -4.956  33.546  5.826 0.0000000000
50811  -12.859  37.911  13.549 0.0000000000
50831  -11.033  33.673  17.830 0.0000000000
50832  -11.448  34.224  17.470 0.0000000000
50833  -10.692  34.125  17.299 0.0000000000
50834  -10.346  34.611  16.750 0.0000000000
50835  -9.888  34.140  17.238 0.0000000000
50836  -9.058  34.218  17.225 0.0000000000
50837  -9.498  33.709  17.655 0.0000000000
51113  -6.513  27.721  -9.446 0.0000000000
51114  -6.556  27.301  -9.823 0.0000000000
51115  -6.533  26.928  -9.214 0.0000000000
51116  -5.718  21.383  -6.858 0.0000000000
51117  -5.999  21.888  -7.520 0.0000000000
51118  -5.823  20.926  -7.300 0.0000000000
51119  -5.925  20.556  -7.643 0.0000000000
51120  -5.670  20.035  -7.078 0.0000000000
51121  -5.503  19.201  -6.885 0.0000000000
51122  -5.369  19.641  -6.540 0.0000000000
55147  -5.738  33.173  -6.400 0.0000000000
55148  -5.855  32.530  -5.796 0.0000000000
55149  -5.816  33.274  -5.897 0.0000000000
55150  -5.935  34.232  -4.991 0.0000000000
55151  -6.043  33.495  -4.890 0.0000000000
55152  -6.177  33.630  -4.393 0.0000000000
55153  -6.473  32.964  -3.802 0.0000000000
55154  -6.347  33.735  -3.898 0.0000000000
55155  -6.195  38.654  10.265 0.0000000000
55156  -5.583  38.294  10.083 0.0000000000
55157  -5.703  38.240  10.767 0.0000000000
55158  -5.458  36.847  12.359 0.0000000000
55159  -5.351  36.979  11.659 0.0000000000
55160  -5.441  36.253  11.994 0.0000000000
55161  -5.680  35.524  11.648 0.0000000000
55162  -5.594  35.474  12.340 0.0000000000
55163  -5.739  34.760  12.606 0.0000000000
55164  -5.568  35.447  12.998 0.0000000000
55165  -5.646  35.828  14.654 0.0000000000
55166  -5.500  35.306  14.310 0.0000000000
55167  -5.581  35.123  14.890 0.0000000000
55168  -5.583  34.339  15.101 0.0000000000
55169  -5.671  34.884  15.495 0.0000000000
55271  -7.502  35.433  -7.872 0.0000000000
55272  -8.035  35.593  -8.054 0.0000000000
55273  -7.683  34.993  -8.268 0.0000000000
55274  -7.837  34.546  -8.692 0.0000000000
55275  -7.354  34.355  -8.427 0.0000000000
55276  -7.057  33.726  -8.474 0.0000000000
55277  -6.910  34.167  -8.127 0.0000000000
55278  -5.971  34.194  -6.996 0.0000000000
55279  -6.122  33.777  -7.430 0.0000000000
55280  -5.848  33.494  -6.938 0.0000000000
55281  -5.745  32.755  -6.829 0.0000000000
56947  -10.874  41.410  -2.516 0.0000000000
56948  -10.062  41.423  -2.473 0.0000000000
56949  -10.533  41.793  -2.151 0.0000000000
56950  -10.504  42.677  -1.080 0.0000000000
56951  -9.895  42.391  -1.384 0.0000000000
56952  -9.713  42.582  -0.943 0.0000000000
56953  -9.051  42.427  -0.826 0.0000000000
56954  -9.557  42.696  -0.480 0.0000000000
56956  -10.693  43.898  3.849 0.0000000000
56957  -10.763  43.719  4.454 0.0000000000
56958  -11.423  42.381  5.390 0.0000000000
56959  -10.989  42.615  4.906 0.0000000000
56960  -11.122  42.085  5.095 0.0000000000
56961  -10.784  41.826  4.833 0.0000000000
56962  -11.203  41.569  5.272 0.0000000000
56963  -11.213  41.082  5.523 0.0000000000
56964  -11.573  41.334  5.772 0.0000000000
56965  -12.560  41.296  7.134 0.0000000000
56966  -12.212  40.929  6.835 0.0000000000
56967  -12.469  40.734  7.404 0.0000000000
56968  -12.256  40.223  7.752 0.0000000000
56969  -12.769  40.563  8.007 0.0000000000
60322  -2.913  20.089  -3.554 0.0000000000
60323  -2.396  19.446  -3.281 0.0000000000
60324  -2.518  20.202  -3.243 0.0000000000
60325  -1.772  21.192  -2.719 0.0000000000
60326  -1.692  20.444  -2.799 0.0000000000
60327  -1.276  20.596  -2.633 0.0000000000
60345  -6.199  38.940  -0.206 0.0000000000
60346  -6.510  38.076  -0.404 0.0000000000
60347  -6.633  38.154  0.201 0.0000000000
60348  -6.833  36.389  1.834 0.0000000000
60349  -6.955  36.426  1.203 0.0000000000
60350  -6.603  35.664  1.698 0.0000000000
60351  -6.232  34.929  1.578 0.0000000000
60352  -6.117  35.018  2.146 0.0000000000
60353  -3.512  32.210  7.732 0.0000000000
60354  -3.169  32.297  7.184 0.0000000000
60355  -2.534  31.921  7.678 0.0000000000
60713  -6.051  26.011  -6.930 0.0000000000
60714  -6.116  25.654  -7.343 0.0000000000
60715  -5.899  25.213  -6.601 0.0000000000
60716  -5.286  23.118  -5.292 0.0000000000
60717  -5.599  23.593  -6.006 0.0000000000
60718  -5.420  22.700  -5.736 0.0000000000
60719  -5.521  22.302  -6.134 0.0000000000
60720  -5.202  21.835  -5.497 0.0000000000
60721  -4.986  21.062  -5.322 0.0000000000
60722  -4.829  21.477  -4.878 0.0000000000
60723  -3.673  21.138  -3.779 0.0000000000
60724  -3.973  20.753  -4.107 0.0000000000
60725  -3.455  20.409  -3.812 0.0000000000
60726  -3.234  19.652  -3.859 0.0000000000
67522  -5.325  26.444  -4.215 0.0000000000
67523  -4.663  25.785  -3.532 0.0000000000
67524  -5.081  26.616  -3.793 0.0000000000
67525  -4.906  27.838  -3.338 0.0000000000
67526  -4.419  27.027  -3.046 0.0000000000
67527  -4.096  27.262  -2.736 0.0000000000
67528  -3.201  26.721  -2.301 0.0000000000
67529  -3.766  27.542  -2.463 0.0000000000
67530  -6.256  31.145  -4.480 0.0000000000
67531  -6.089  30.276  -4.227 0.0000000000
67532  -6.024  30.456  -3.775 0.0000000000
67533  -4.449  29.600  -2.269 0.0000000000
67534  -4.724  29.350  -2.599 0.0000000000
67535  -3.833  28.890  -2.201 0.0000000000
67536  -3.125  28.112  -2.085 0.0000000000
67537  -2.837  28.421  -1.882 0.0000000000
67538  -1.846  27.880  -1.580 0.0000000000
67539  -2.502  28.676  -1.624 0.0000000000
67545  -6.180  38.665  4.969 0.0000000000
67546  -5.978  38.084  4.741 0.0000000000
67547  -5.798  38.148  5.354 0.0000000000
67548  -5.669  36.924  6.877 0.0000000000
67549  -5.711  36.872  6.229 0.0000000000
67550  -5.962  36.160  6.666 0.0000000000
67551  -6.156  35.390  6.442 0.0000000000
67552  -6.116  35.434  7.033 0.0000000000
67553  -5.391  37.022  9.508 0.0000000000
67554  -5.476  37.014  8.837 0.0000000000
67555  -5.686  36.270  9.196 0.0000000000
67556  -6.127  34.072  8.928 0.0000000000
67557  -6.154  34.812  8.594 0.0000000000
67558  -6.060  34.077  8.311 0.0000000000
67559  -5.994  34.104  7.751 0.0000000000
67560  -5.742  33.452  8.061 0.0000000000
67561  -5.153  32.984  7.913 0.0000000000
67562  -5.385  32.901  8.484 0.0000000000
67563  -4.954  31.679  9.850 0.0000000000
67564  -4.613  31.807  9.326 0.0000000000
67565  -4.182  31.252  9.769 0.0000000000
67566  -3.255  30.907  9.699 0.0000000000
67567  -3.690  30.707  10.191 0.0000000000
67569  -4.110  30.562  10.681 0.0000000000
67570  -5.585  30.751  11.790 0.0000000000
67575  -5.933  33.329  13.088 0.0000000000
67576  -6.105  32.634  12.703 0.0000000000
67577  -6.078  32.589  13.308 0.0000000000
67908  -6.716  30.742  -9.986 0.0000000000
67909  -6.611  30.361  -10.373 0.0000000000
67910  -6.519  30.033  -9.938 0.0000000000
67911  -6.439  29.277  -9.814 0.0000000000
67912  -6.412  29.688  -9.445 0.0000000000
67913  -6.609  32.440  -8.469 0.0000000000
67914  -6.678  31.984  -8.851 0.0000000000
67915  -6.353  31.724  -8.409 0.0000000000
67916  -5.872  29.784  -7.639 0.0000000000
67917  -5.978  30.155  -8.212 0.0000000000
67918  -6.017  29.318  -7.999 0.0000000000
67919  -6.191  28.896  -8.372 0.0000000000
67920  -6.094  28.499  -7.751 0.0000000000
67921  -6.139  27.666  -7.494 0.0000000000
67922  -6.044  28.102  -7.130 0.0000000000
67923  -5.917  27.726  -5.317 0.0000000000
67924  -5.984  27.311  -5.724 0.0000000000
67925  -5.727  26.854  -4.899 0.0000000000
67926  -5.478  26.027  -4.575 0.0000000000
71595  -5.351  12.361  -7.791 0.0000000000
71597  -5.271  11.380  -7.870 0.0000000000
72922  -7.357  38.217  -5.614 0.0000000000
72923  -6.590  38.119  -5.534 0.0000000000
72924  -6.964  38.608  -5.221 0.0000000000
72925  -6.729  39.916  -3.958 0.0000000000
72926  -6.358  39.335  -4.331 0.0000000000
72927  -6.062  39.672  -3.884 0.0000000000
72928  -5.709  39.197  -3.592 0.0000000000
72929  -5.923  39.922  -3.254 0.0000000000
72930  -8.483  41.467  -2.399 0.0000000000
72931  -7.997  41.112  -2.801 0.0000000000
72932  -7.816  41.385  -2.313 0.0000000000
72933  -6.590  41.361  -1.297 0.0000000000
72934  -6.582  41.170  -1.915 0.0000000000
72935  -6.102  40.937  -1.626 0.0000000000
72936  -5.738  40.406  -1.954 0.0000000000
72937  -5.811  40.573  -1.340 0.0000000000
72938  -5.724  40.125  -0.991 0.0000000000
72939  -5.800  40.830  -0.753 0.0000000000
72940  -6.240  41.466  0.933 0.0000000000
72941  -5.982  41.041  0.695 0.0000000000
72942  -6.143  41.012  1.285 0.0000000000
72943  -6.297  40.372  1.587 0.0000000000
72944  -6.396  40.909  1.911 0.0000000000
72946  -12.153  43.414  -0.147 0.0000000000
72947  -11.989  43.508  0.340 0.0000000000
72948  -10.464  43.262  1.185 0.0000000000
72949  -10.573  43.206  0.634 0.0000000000
72950  -9.949  43.043  0.836 0.0000000000
72951  -9.433  42.820  0.524 0.0000000000
72952  -9.372  42.887  1.101 0.0000000000
72953  -10.023  43.392  3.286 0.0000000000
72954  -10.134  43.408  2.723 0.0000000000
72955  -9.672  43.173  3.028 0.0000000000
72956  -8.673  42.503  2.974 0.0000000000
72957  -8.876  42.825  2.560 0.0000000000
72958  -8.507  42.589  2.357 0.0000000000
72959  -8.475  42.597  1.757 0.0000000000
72960  -8.070  42.403  2.174 0.0000000000
72961  -7.622  42.205  1.879 0.0000000000
72962  -7.824  42.155  2.520 0.0000000000
72963  -7.827  41.113  3.700 0.0000000000
72964  -7.487  41.408  3.157 0.0000000000
72965  -7.385  40.926  3.404 0.0000000000
72966  -7.014  40.578  3.129 0.0000000000
72967  -7.286  40.353  3.712 0.0000000000
72968  -7.053  39.723  4.140 0.0000000000
72969  -7.461  40.088  4.354 0.0000000000
72970  -8.187  39.756  5.777 0.0000000000
72971  -7.517  39.723  5.582 0.0000000000
72972  -7.524  39.609  6.231 0.0000000000
72973  -6.836  39.467  6.708 0.0000000000
72974  -7.537  39.521  6.856 0.0000000000
72975  -10.772  40.122  6.182 0.0000000000
72976  -10.207  39.950  6.062 0.0000000000
72977  -10.370  39.682  6.681 0.0000000000
72978  -9.368  39.114  8.369 0.0000000000
72979  -9.222  39.246  7.763 0.0000000000
72980  -8.551  39.169  8.292 0.0000000000
72981  -7.709  39.270  8.177 0.0000000000
72982  -7.928  39.135  8.830 0.0000000000
72983  -7.398  39.095  9.363 0.0000000000
72984  -8.188  38.978  9.447 0.0000000000
72985  -9.391  38.617  10.804 0.0000000000
72986  -8.586  38.645  10.709 0.0000000000
72987  -8.753  38.469  11.297 0.0000000000
72988  -8.284  38.270  11.809 0.0000000000
72989  -9.005  38.211  11.862 0.0000000000
73323  -8.323  38.684  -5.348 0.0000000000
73324  -8.610  38.275  -5.823 0.0000000000
73325  -7.977  38.235  -5.713 0.0000000000
73326  -7.603  37.764  -6.040 0.0000000000
83070  -2.929  24.454  -2.544 0.0000000000
83071  -2.542  23.607  -2.546 0.0000000000
83072  -2.045  23.855  -2.344 0.0000000000
83115  -5.844  37.303  -4.936 0.0000000000
83116  -5.761  36.608  -5.079 0.0000000000
83117  -5.831  36.780  -4.528 0.0000000000
83118  -6.531  35.793  -2.940 0.0000000000
83119  -6.339  35.599  -3.464 0.0000000000
83120  -6.617  34.922  -2.910 0.0000000000
83121  -6.579  34.024  -2.809 0.0000000000
83122  -6.716  34.186  -2.279 0.0000000000
83123  -6.994  36.263  -0.593 0.0000000000
83124  -6.974  36.189  -1.199 0.0000000000
83125  -6.979  35.426  -0.636 0.0000000000
83126  -5.626  33.260  -0.172 0.0000000000
83127  -6.303  33.817  -0.641 0.0000000000
83128  -5.830  33.145  -0.654 0.0000000000
83129  -5.978  32.956  -1.162 0.0000000000
83130  -5.177  32.455  -0.720 0.0000000000
83131  -4.446  31.762  -0.796 0.0000000000
83132  -4.226  31.989  -0.354 0.0000000000
83133  -2.028  31.633  0.721 0.0000000000
83134  -2.229  31.321  0.296 0.0000000000
83138  -6.008  36.725  4.335 0.0000000000
83139  -6.185  36.643  3.692 0.0000000000
83140  -6.057  35.998  4.108 0.0000000000
83141  -5.176  33.967  4.232 0.0000000000
83142  -5.692  34.512  3.762 0.0000000000
83143  -5.082  33.930  3.618 0.0000000000
83144  -5.032  33.896  3.042 0.0000000000
83145  -4.277  33.454  3.494 0.0000000000
83146  -2.412  32.446  6.036 0.0000000000
83147  -3.130  32.725  5.567 0.0000000000
83148  -2.077  32.472  5.483 0.0000000000
83152  -2.573  32.625  3.154 0.0000000000
83301  -13.283  40.471  9.347 0.0000000000
83302  -13.563  40.424  10.035 0.0000000000
83308  -13.245  39.263  11.490 0.0000000000
83309  -12.972  39.374  10.818 0.0000000000
83310  -12.575  38.993  11.279 0.0000000000
83311  -11.902  38.775  11.108 0.0000000000
83312  -12.119  38.630  11.734 0.0000000000
83313  -11.367  37.591  13.183 0.0000000000
83314  -11.044  37.925  12.657 0.0000000000
83315  -10.510  37.560  13.122 0.0000000000
83316  -9.655  37.586  13.015 0.0000000000
83317  -9.972  37.202  13.590 0.0000000000
83374  -12.192  35.371  16.676 0.0000000000
83378  -12.347  36.269  15.651 0.0000000000
83379  -12.105  36.571  15.047 0.0000000000
83380  -11.640  36.097  15.481 0.0000000000
83381  -9.595  35.516  15.762 0.0000000000
83382  -10.093  35.948  15.283 0.0000000000
83383  -9.260  36.025  15.222 0.0000000000
83384  -8.930  36.529  14.672 0.0000000000
83385  -8.356  36.153  15.238 0.0000000000
83386  -7.487  36.292  15.240 0.0000000000
83387  -7.833  35.813  15.766 0.0000000000
83388  -7.442  34.450  17.135 0.0000000000
83389  -6.987  34.945  16.672 0.0000000000
83390  -6.729  34.444  17.023 0.0000000000
83391  -6.194  34.245  16.776 0.0000000000
83392  -6.546  33.915  17.314 0.0000000000
84225  -6.589  25.290  -10.629 0.0000000000
84226  -6.298  24.868  -8.042 0.0000000000
84227  -6.445  25.287  -8.680 0.0000000000
84228  -6.370  24.466  -8.410 0.0000000000
84229  -6.351  22.812  -8.816 0.0000000000
84230  -6.426  23.642  -9.062 0.0000000000
84231  -6.465  23.214  -9.450 0.0000000000
84232  -6.575  23.691  -10.110 0.0000000000
84233  -6.504  22.813  -9.782 0.0000000000
84234  -6.547  22.442  -10.101 0.0000000000
84235  -6.430  21.949  -9.444 0.0000000000
84236  -6.099  19.649  -8.245 0.0000000000
84240  -6.086  18.232  -8.284 0.0000000000
84241  -5.976  17.245  -8.049 0.0000000000
84242  -5.856  17.712  -7.734 0.0000000000
84243  -5.172  17.406  -6.518 0.0000000000
84244  -5.307  16.895  -6.794 0.0000000000
84245  -5.014  16.465  -6.397 0.0000000000
84246  -4.815  15.409  -6.302 0.0000000000
84247  -4.703  15.990  -6.001 0.0000000000
84248  -4.560  19.367  -5.121 0.0000000000
84249  -4.755  18.850  -5.550 0.0000000000
84250  -4.393  18.493  -5.128 0.0000000000
92992  -5.927  34.575  -6.499 0.0000000000
92993  -5.816  33.991  -5.978 0.0000000000
92994  -5.793  34.717  -6.037 0.0000000000
92995  -5.802  34.845  -5.553 0.0000000000
92996  -5.864  34.987  -5.044 0.0000000000
92997  -6.720  38.301  11.669 0.0000000000
92998  -5.936  38.114  11.541 0.0000000000
92999  -6.137  37.922  12.224 0.0000000000
93000  -5.674  37.376  12.676 0.0000000000
93001  -5.522  36.728  13.088 0.0000000000
93002  -5.500  36.079  13.381 0.0000000000
93003  -5.628  36.597  13.778 0.0000000000
93004  -5.811  36.432  14.377 0.0000000000
93005  -6.001  36.317  14.958 0.0000000000
93065  -8.050  36.904  -6.921 0.0000000000
93066  -8.202  36.514  -7.383 0.0000000000
93067  -7.636  36.379  -7.210 0.0000000000
93068  -7.308  35.871  -7.473 0.0000000000
93069  -6.987  35.261  -7.636 0.0000000000
93070  -6.734  34.668  -7.773 0.0000000000
93071  -6.527  35.075  -7.302 0.0000000000
93072  -6.167  34.860  -6.940 0.0000000000
94072  -11.824  42.191  -2.046 0.0000000000
94073  -11.009  42.097  -1.856 0.0000000000
94074  -11.533  42.423  -1.628 0.0000000000
94075  -11.321  42.611  -1.214 0.0000000000
94076  -11.080  42.861  -0.785 0.0000000000
94078  -11.014  43.499  4.992 0.0000000000
94079  -11.431  43.318  5.512 0.0000000000
94080  -11.687  42.736  5.697 0.0000000000
94081  -11.855  42.147  5.861 0.0000000000
94082  -11.932  41.650  6.063 0.0000000000
94083  -12.226  42.003  6.386 0.0000000000
94084  -12.542  41.882  6.903 0.0000000000
94085  -12.852  41.705  7.425 0.0000000000
96097  -3.341  21.527  -3.465 0.0000000000
96098  -2.612  20.922  -3.164 0.0000000000
96099  -2.852  21.659  -3.137 0.0000000000
96100  -2.360  21.790  -2.844 0.0000000000
96101  -1.968  21.971  -2.650 0.0000000000
96111  -6.543  38.945  1.030 0.0000000000
96112  -6.742  38.124  0.794 0.0000000000
96113  -6.878  38.019  1.444 0.0000000000
96114  -6.844  37.170  1.958 0.0000000000
96115  -6.573  36.450  2.472 0.0000000000
96116  -2.426  31.322  8.734 0.0000000000
96117  -1.990  31.505  8.215 0.0000000000
96332  -5.634  25.142  -5.420 0.0000000000
96333  -5.708  24.779  -5.842 0.0000000000
96334  -5.494  24.372  -5.110 0.0000000000
96335  -5.216  23.546  -4.866 0.0000000000
96336  -4.955  22.715  -4.660 0.0000000000
96337  -4.683  21.897  -4.523 0.0000000000
96338  -4.486  22.296  -4.160 0.0000000000
96339  -3.938  21.896  -3.759 0.0000000000
100417  -5.895  28.158  -4.934 0.0000000000
100418  -5.442  27.464  -4.130 0.0000000000
100419  -5.823  28.297  -4.477 0.0000000000
100420  -5.596  28.468  -4.043 0.0000000000
100421  -5.388  28.637  -3.636 0.0000000000
100422  -6.252  31.431  -3.534 0.0000000000
100423  -5.949  30.605  -3.320 0.0000000000
100424  -5.740  30.774  -2.902 0.0000000000
100425  -4.967  30.240  -2.351 0.0000000000
100426  -4.088  29.836  -1.925 0.0000000000
100427  -3.146  29.420  -1.638 0.0000000000
100428  -3.761  30.074  -1.635 0.0000000000
100429  -3.412  30.287  -1.325 0.0000000000
100430  -3.080  30.506  -0.956 0.0000000000
100431  -5.856  38.791  6.233 0.0000000000
100432  -5.652  38.185  6.027 0.0000000000
100433  -5.521  38.274  6.681 0.0000000000
100434  -5.471  37.673  7.123 0.0000000000
100435  -5.613  36.986  7.515 0.0000000000
100436  -5.852  35.545  10.234 0.0000000000
100437  -5.908  35.546  9.576 0.0000000000
100438  -6.129  34.821  9.870 0.0000000000
100439  -6.168  34.100  9.558 0.0000000000
100440  -5.935  33.387  9.289 0.0000000000
100441  -5.563  32.813  9.054 0.0000000000
100442  -5.732  32.770  9.620 0.0000000000
100443  -5.518  32.159  10.004 0.0000000000
100444  -5.242  31.550  10.396 0.0000000000
100445  -4.900  30.972  10.769 0.0000000000
100446  -5.572  31.434  10.900 0.0000000000
100447  -5.819  31.366  11.452 0.0000000000
100448  -6.017  31.296  12.009 0.0000000000
100449  -5.737  33.142  14.271 0.0000000000
100450  -5.952  32.512  13.894 0.0000000000
100451  -5.822  32.413  14.462 0.0000000000
100650  -7.030  31.431  -10.016 0.0000000000
100651  -6.785  31.134  -9.611 0.0000000000
100652  -5.923  31.795  -7.592 0.0000000000
100653  -5.988  31.348  -7.970 0.0000000000
100654  -5.816  31.016  -7.450 0.0000000000
100655  -5.784  30.227  -7.277 0.0000000000
100656  -5.901  29.413  -7.029 0.0000000000
100657  -6.002  28.569  -6.763 0.0000000000
100658  -5.995  29.020  -6.375 0.0000000000
100659  -6.046  28.588  -5.701 0.0000000000
102861  -4.804  9.316  -7.306 0.0000000000
102862  -4.997  9.807  -7.626 0.0000000000
103657  -8.054  39.147  -4.872 0.0000000000
103658  -7.329  39.081  -4.875 0.0000000000
103659  -7.726  39.545  -4.471 0.0000000000
103660  -7.413  39.959  -4.044 0.0000000000
103661  -7.171  40.322  -3.555 0.0000000000
103662  -8.138  41.865  -1.465 0.0000000000
103663  -7.677  41.585  -1.814 0.0000000000
103664  -7.585  41.698  -1.270 0.0000000000
103665  -7.089  41.622  -0.991 0.0000000000
103666  -6.619  41.464  -0.701 0.0000000000
103667  -6.173  41.261  -0.397 0.0000000000
103668  -6.643  41.591  -0.072 0.0000000000
103669  -6.594  41.722  0.568 0.0000000000
103670  -6.595  41.787  1.235 0.0000000000
103672  -11.865  43.571  0.848 0.0000000000
103673  -11.699  43.650  1.351 0.0000000000
103674  -10.965  43.487  1.523 0.0000000000
103675  -10.324  43.327  1.697 0.0000000000
103676  -9.812  42.521  3.929 0.0000000000
103677  -9.407  42.866  3.382 0.0000000000
103678  -9.417  42.395  3.728 0.0000000000
103679  -9.041  42.272  3.540 0.0000000000
103680  -8.605  42.098  3.335 0.0000000000
103681  -8.104  41.977  3.127 0.0000000000
103682  -8.484  41.689  3.624 0.0000000000
103683  -8.358  41.235  3.895 0.0000000000
103684  -8.216  40.750  4.180 0.0000000000
103685  -8.019  40.282  4.507 0.0000000000
103686  -8.544  40.385  4.667 0.0000000000
103687  -8.745  40.048  5.289 0.0000000000
103688  -8.842  39.799  5.920 0.0000000000
103689  -11.120  39.670  7.399 0.0000000000
103690  -10.512  39.511  7.300 0.0000000000
103691  -10.713  39.326  7.929 0.0000000000
103692  -10.144  39.130  8.455 0.0000000000
103693  -9.567  39.001  9.003 0.0000000000
103694  -8.990  38.896  9.547 0.0000000000
103695  -9.816  38.878  9.598 0.0000000000
103696  -9.991  38.759  10.247 0.0000000000
103697  -10.165  38.655  10.884 0.0000000000
103897  -9.669  38.719  -5.618 0.0000000000
103898  -9.436  39.069  -5.077 0.0000000000
103899  -8.737  39.102  -4.960 0.0000000000
109746  -2.038  24.948  -2.204 0.0000000000
109747  -1.645  24.109  -2.243 0.0000000000
109748  -1.257  24.423  -2.146 0.0000000000
109749  -0.595  23.869  -2.186 0.0000000000
109773  -5.742  37.767  -3.906 0.0000000000
109774  -5.864  37.017  -3.997 0.0000000000
109775  -5.956  37.233  -3.410 0.0000000000
109776  -6.351  36.604  -2.917 0.0000000000
109777  -6.744  35.907  -2.391 0.0000000000
109778  -6.558  34.738  0.525 0.0000000000
109779  -6.651  34.696  -0.074 0.0000000000
109780  -6.046  34.045  0.422 0.0000000000
109781  -5.445  33.411  0.316 0.0000000000
109782  -4.759  32.813  0.210 0.0000000000
109783  -3.986  32.224  0.091 0.0000000000
109784  -3.779  32.419  0.580 0.0000000000
109785  -2.872  32.079  0.961 0.0000000000
109787  -6.087  35.365  5.156 0.0000000000
109788  -6.047  35.312  4.515 0.0000000000
109789  -5.934  34.650  4.988 0.0000000000
109790  -5.396  34.006  4.846 0.0000000000
109791  -4.567  33.507  4.703 0.0000000000
109793  -1.174  32.308  5.369 0.0000000000
109890  -13.040  38.667  12.568 0.0000000000
109891  -12.363  38.399  12.364 0.0000000000
109892  -12.623  38.168  12.951 0.0000000000
109893  -12.136  37.684  13.338 0.0000000000
109894  -11.627  37.260  13.765 0.0000000000
109929  -12.106  34.415  17.669 0.0000000000
109930  -11.832  34.793  17.047 0.0000000000
109931  -11.530  35.184  16.462 0.0000000000
109932  -11.232  35.595  15.874 0.0000000000
109933  -10.773  35.080  16.281 0.0000000000
109934  -9.961  35.058  16.280 0.0000000000
109935  -9.120  35.148  16.267 0.0000000000
109936  -8.255  35.287  16.247 0.0000000000
109937  -8.651  34.747  16.750 0.0000000000
109938  -8.233  34.344  17.187 0.0000000000
109939  -7.881  33.942  17.601 0.0000000000
110438  -6.571  26.877  -10.174 0.0000000000
110439  -6.611  26.092  -9.919 0.0000000000
110440  -6.085  23.201  -7.471 0.0000000000
110441  -6.260  23.610  -8.132 0.0000000000
110442  -6.138  22.776  -7.822 0.0000000000
110443  -6.205  22.378  -8.188 0.0000000000
110444  -6.256  21.968  -8.532 0.0000000000
110445  -6.274  21.469  -8.856 0.0000000000
110446  -6.110  21.022  -8.257 0.0000000000
110447  -6.008  20.109  -7.943 0.0000000000
110448  -5.886  19.190  -7.652 0.0000000000
110449  -5.737  18.256  -7.429 0.0000000000
110450  -5.645  18.790  -7.161 0.0000000000
110451  -5.330  18.313  -6.683 0.0000000000
110452  -5.015  17.889  -6.229 0.0000000000
110453  -3.753  18.642  -4.436 0.0000000000
117142  -5.792  31.522  -6.095 0.0000000000
117143  -6.053  30.805  -5.422 0.0000000000
117144  -5.926  31.662  -5.618 0.0000000000
117145  -6.009  31.804  -5.143 0.0000000000
117146  -6.200  31.950  -4.656 0.0000000000
117147  -5.898  33.364  -5.398 0.0000000000
117148  -6.196  32.746  -4.792 0.0000000000
117149  -6.352  32.086  -4.201 0.0000000000
117150  -6.409  32.196  -3.685 0.0000000000
117151  -6.422  32.313  -3.145 0.0000000000
117152  -6.353  32.412  -2.615 0.0000000000
117153  -5.886  38.851  8.980 0.0000000000
117154  -5.461  38.337  8.729 0.0000000000
117155  -5.486  38.354  9.429 0.0000000000
117156  -5.294  37.726  9.859 0.0000000000
117157  -5.323  37.017  10.232 0.0000000000
117158  -5.414  37.666  11.248 0.0000000000
117159  -5.349  36.993  10.926 0.0000000000
117160  -5.512  36.284  10.582 0.0000000000
117161  -5.752  35.562  10.974 0.0000000000
117162  -5.935  34.794  11.268 0.0000000000
117163  -5.987  34.025  11.496 0.0000000000
117164  -6.057  33.343  11.749 0.0000000000
117165  -5.912  34.034  12.152 0.0000000000
117166  -5.838  34.049  12.855 0.0000000000
117167  -5.732  33.970  13.458 0.0000000000
117168  -5.529  35.386  13.677 0.0000000000
117169  -5.583  34.639  13.891 0.0000000000
117170  -5.653  33.878  14.057 0.0000000000
117171  -5.590  33.742  14.700 0.0000000000
117172  -5.582  33.546  15.287 0.0000000000
117173  -5.586  33.417  15.848 0.0000000000
117316  -8.370  36.154  -7.815 0.0000000000
117320  -7.902  34.118  -9.040 0.0000000000
117321  -7.606  33.519  -9.135 0.0000000000
117322  -7.319  32.896  -9.225 0.0000000000
117323  -7.195  33.295  -8.817 0.0000000000
117324  -6.837  33.074  -8.485 0.0000000000
117325  -6.490  32.837  -8.133 0.0000000000
117326  -6.515  33.983  -7.803 0.0000000000
117327  -6.319  33.301  -7.782 0.0000000000
117328  -6.083  32.582  -7.708 0.0000000000
117329  -5.850  32.257  -7.229 0.0000000000
117330  -5.750  31.911  -6.690 0.0000000000
119662  -9.850  40.660  -3.249 0.0000000000
119663  -9.030  40.727  -3.211 0.0000000000
119664  -9.551  41.064  -2.827 0.0000000000
119665  -9.226  41.480  -2.438 0.0000000000
119666  -8.962  41.826  -2.038 0.0000000000
119667  -10.180  42.112  -1.776 0.0000000000
119668  -9.399  42.113  -1.719 0.0000000000
119669  -8.725  42.023  -1.614 0.0000000000
119670  -8.561  42.162  -1.157 0.0000000000
119671  -8.507  42.221  -0.646 0.0000000000
119672  -8.505  42.263  -0.071 0.0000000000
119673  -11.412  44.197  3.139 0.0000000000
119674  -11.105  43.882  2.809 0.0000000000
119675  -10.843  43.938  3.279 0.0000000000
119676  -10.414  43.595  3.555 0.0000000000
119677  -10.222  43.177  3.877 0.0000000000
119678  -10.834  43.157  4.691 0.0000000000
119679  -10.570  42.908  4.429 0.0000000000
119680  -10.241  42.679  4.180 0.0000000000
119681  -10.364  42.100  4.414 0.0000000000
119682  -10.414  41.637  4.584 0.0000000000
119683  -10.371  41.157  4.835 0.0000000000
119684  -10.240  40.692  5.133 0.0000000000
119685  -10.757  40.871  5.309 0.0000000000
119686  -11.061  40.596  5.811 0.0000000000
119687  -11.288  40.328  6.326 0.0000000000
119688  -11.908  41.100  6.283 0.0000000000
119689  -11.755  40.581  6.557 0.0000000000
119690  -11.482  40.098  6.927 0.0000000000
119691  -11.706  39.917  7.553 0.0000000000
119692  -11.921  39.767  8.184 0.0000000000
119693  -12.114  39.635  8.777 0.0000000000
119850  -10.548  40.555  -3.405 0.0000000000
124390  -1.962  18.719  -3.028 0.0000000000
124392  -2.088  20.312  -2.985 0.0000000000
124393  -1.629  19.645  -2.847 0.0000000000
124419  -5.978  38.654  -1.455 0.0000000000
124420  -6.299  37.829  -1.610 0.0000000000
124421  -6.393  38.012  -1.020 0.0000000000
124422  -6.817  37.148  -0.523 0.0000000000
124423  -7.038  36.350  0.013 0.0000000000
124424  -6.986  37.276  0.685 0.0000000000
124425  -7.094  36.451  0.596 0.0000000000
124426  -6.885  35.563  0.559 0.0000000000
124427  -6.390  34.846  1.056 0.0000000000
124428  -5.707  34.264  1.462 0.0000000000
124429  -5.021  33.775  1.884 0.0000000000
124430  -4.616  33.061  6.832 0.0000000000
124431  -4.368  33.091  6.289 0.0000000000
124432  -3.724  32.650  6.708 0.0000000000
124433  -2.834  32.394  6.611 0.0000000000
124434  -1.839  32.188  6.585 0.0000000000
124435  -1.609  31.692  7.672 0.0000000000
124436  -1.266  31.868  7.113 0.0000000000
124544  -11.452  33.294  18.336 0.0000000000
124545  -10.698  33.158  18.209 0.0000000000
124546  -9.921  33.163  18.138 0.0000000000
124934  -6.389  26.924  -8.277 0.0000000000
124935  -6.455  26.519  -8.608 0.0000000000
124936  -6.321  26.091  -7.995 0.0000000000
124937  -6.201  25.257  -7.689 0.0000000000
124938  -6.104  24.453  -7.409 0.0000000000
124939  -5.780  24.425  -6.288 0.0000000000
124940  -5.869  24.041  -6.715 0.0000000000
124941  -5.962  23.631  -7.114 0.0000000000
124942  -5.819  22.772  -6.787 0.0000000000
124943  -5.631  21.857  -6.484 0.0000000000
124944  -5.423  20.930  -6.248 0.0000000000
124945  -5.250  20.091  -6.112 0.0000000000
124946  -5.108  20.555  -5.692 0.0000000000
124947  -4.770  20.243  -5.158 0.0000000000
124948  -4.374  19.855  -4.762 0.0000000000
124949  -4.431  21.113  -4.457 0.0000000000
124950  -4.178  20.317  -4.414 0.0000000000
124951  -3.940  19.491  -4.415 0.0000000000
124952  -3.504  19.161  -4.116 0.0000000000
124953  -3.074  18.871  -3.877 0.0000000000
129067  -6.034  16.051  -8.587 0.0000000000
129068  -5.958  15.272  -8.646 0.0000000000
129647  -12.350  44.306  2.560 0.0000000000
133912  -4.615  24.762  -3.712 0.0000000000
133913  -3.866  24.080  -3.162 0.0000000000
133914  -4.270  24.949  -3.314 0.0000000000
133915  -3.858  25.140  -2.968 0.0000000000
133916  -3.408  25.349  -2.667 0.0000000000
133917  -4.752  26.820  -3.422 0.0000000000
133918  -3.928  26.212  -2.837 0.0000000000
133919  -2.996  25.582  -2.407 0.0000000000
133920  -2.623  25.863  -2.256 0.0000000000
133921  -2.223  26.132  -2.065 0.0000000000
133922  -1.840  26.420  -1.898 0.0000000000
133923  -6.113  30.103  -4.676 0.0000000000
133924  -5.763  29.458  -3.932 0.0000000000
133925  -5.127  28.843  -3.241 0.0000000000
133926  -5.475  29.855  -3.127 0.0000000000
133927  -4.917  29.046  -2.863 0.0000000000
133928  -4.328  28.282  -2.668 0.0000000000
133929  -3.446  27.810  -2.264 0.0000000000
133930  -2.466  27.287  -1.950 0.0000000000
133931  -1.526  26.713  -1.756 0.0000000000
133935  -2.150  28.923  -1.340 0.0000000000
133941  -6.604  38.652  3.683 0.0000000000
133942  -6.552  37.954  3.495 0.0000000000
133943  -6.256  38.028  4.129 0.0000000000
133944  -5.906  37.421  4.557 0.0000000000
133945  -5.856  36.787  4.982 0.0000000000
133946  -5.630  37.558  5.807 0.0000000000
133947  -5.800  36.830  5.599 0.0000000000
133948  -6.015  36.096  5.390 0.0000000000
133949  -6.176  35.346  5.805 0.0000000000
133950  -6.080  34.675  6.196 0.0000000000
133951  -5.796  34.076  6.582 0.0000000000
133952  -5.360  37.734  8.474 0.0000000000
133953  -5.528  37.034  8.158 0.0000000000
133954  -5.849  36.236  7.891 0.0000000000
133955  -6.006  35.523  8.883 0.0000000000
133956  -6.057  35.509  8.250 0.0000000000
133957  -6.124  35.464  7.638 0.0000000000
133958  -6.122  34.747  7.391 0.0000000000
133959  -5.881  34.106  7.176 0.0000000000
133960  -5.417  33.537  6.952 0.0000000000
133961  -4.933  33.028  7.330 0.0000000000
133962  -4.430  32.587  7.812 0.0000000000
133963  -3.934  32.088  8.273 0.0000000000
133964  -4.995  32.355  8.888 0.0000000000
133965  -4.265  31.950  8.797 0.0000000000
133966  -3.415  31.603  8.742 0.0000000000
133967  -2.852  31.119  9.203 0.0000000000
133968  -2.269  30.605  9.666 0.0000000000
133980  -6.134  32.661  12.053 0.0000000000
133981  -6.166  31.949  12.364 0.0000000000
133982  -6.140  31.231  12.560 0.0000000000
133983  -6.189  31.851  13.577 0.0000000000
134405  -6.429  28.860  -10.184 0.0000000000
134406  -6.447  28.493  -9.633 0.0000000000
134407  -6.423  28.127  -9.091 0.0000000000
134408  -7.007  32.227  -9.264 0.0000000000
134409  -6.740  31.539  -9.244 0.0000000000
134410  -6.500  30.791  -9.127 0.0000000000
134411  -6.106  30.957  -8.334 0.0000000000
134412  -6.229  30.473  -8.662 0.0000000000
134413  -6.330  30.048  -9.023 0.0000000000
134414  -6.308  29.306  -8.930 0.0000000000
134415  -6.321  28.527  -8.743 0.0000000000
134416  -6.361  27.726  -8.519 0.0000000000
134417  -6.261  27.274  -7.886 0.0000000000
134418  -6.140  26.827  -7.210 0.0000000000
134419  -6.002  26.383  -6.505 0.0000000000
134420  -6.017  27.708  -6.452 0.0000000000
134421  -5.972  26.825  -6.101 0.0000000000
134422  -5.843  25.963  -5.760 0.0000000000
134423  -5.590  25.609  -4.983 0.0000000000
134424  -5.151  25.186  -4.311 0.0000000000
139026  -5.873  14.475  -8.691 0.0000000000
139029  -5.199  10.345  -7.950 0.0000000000
140647  -6.626  37.188  -6.163 0.0000000000
140648  -6.145  36.850  -5.887 0.0000000000
140649  -6.376  37.497  -5.748 0.0000000000
140650  -6.094  37.777  -5.277 0.0000000000
140651  -5.888  38.016  -4.810 0.0000000000
140652  -6.607  39.035  -4.772 0.0000000000
140653  -6.046  38.715  -4.665 0.0000000000
140654  -5.767  38.249  -4.353 0.0000000000
140655  -5.644  38.461  -3.799 0.0000000000
140656  -5.645  38.695  -3.188 0.0000000000
140657  -5.620  38.952  -2.541 0.0000000000
140658  -8.281  40.772  -3.192 0.0000000000
140659  -7.592  40.744  -3.158 0.0000000000
140660  -6.952  40.649  -3.046 0.0000000000
140661  -7.210  41.296  -2.133 0.0000000000
140662  -6.713  40.943  -2.481 0.0000000000
140663  -6.270  40.509  -2.881 0.0000000000
140664  -5.779  40.177  -2.612 0.0000000000
140665  -5.603  39.704  -2.288 0.0000000000
140666  -5.699  39.183  -1.893 0.0000000000
140667  -5.764  39.400  -1.249 0.0000000000
140668  -5.849  39.593  -0.594 0.0000000000
140669  -5.969  39.729  0.070 0.0000000000
140670  -5.910  40.930  -0.016 0.0000000000
140671  -5.913  40.429  0.389 0.0000000000
140672  -6.164  39.736  0.705 0.0000000000
140673  -6.390  39.672  1.315 0.0000000000
140674  -6.618  39.598  1.929 0.0000000000
140675  -6.741  39.489  2.585 0.0000000000
140676  -12.293  43.286  -0.653 0.0000000000
140677  -11.618  43.102  -0.460 0.0000000000
140678  -10.842  43.014  -0.348 0.0000000000
140679  -11.287  43.304  0.498 0.0000000000
140680  -10.694  43.115  0.146 0.0000000000
140681  -10.089  42.954  -0.158 0.0000000000
140682  -9.476  42.785  -0.003 0.0000000000
140683  -8.962  42.549  0.232 0.0000000000
140684  -8.516  42.334  0.544 0.0000000000
140685  -10.696  43.620  2.498 0.0000000000
140686  -10.231  43.392  2.207 0.0000000000
140687  -9.744  43.153  1.918 0.0000000000
140688  -9.245  43.057  2.789 0.0000000000
140689  -9.249  42.994  2.203 0.0000000000
140690  -9.258  42.945  1.646 0.0000000000
140691  -8.875  42.745  1.409 0.0000000000
140692  -8.495  42.490  1.151 0.0000000000
140693  -8.101  42.237  0.884 0.0000000000
140694  -7.574  42.194  1.207 0.0000000000
140695  -7.079  41.999  1.562 0.0000000000
140696  -6.765  41.753  1.908 0.0000000000
140697  -7.627  41.821  2.859 0.0000000000
140698  -7.111  41.638  2.569 0.0000000000
140699  -6.636  41.369  2.247 0.0000000000
140700  -6.640  40.779  2.564 0.0000000000
140701  -6.786  40.158  2.838 0.0000000000
140702  -6.783  39.339  3.245 0.0000000000
140703  -6.790  39.220  3.904 0.0000000000
140704  -6.637  39.165  4.575 0.0000000000
140705  -6.465  39.136  5.249 0.0000000000
140706  -7.541  39.840  4.977 0.0000000000
140707  -6.939  39.501  5.437 0.0000000000
140708  -6.343  39.171  5.851 0.0000000000
140709  -6.176  39.282  6.520 0.0000000000
140710  -6.231  39.248  7.157 0.0000000000
140711  -6.293  39.219  7.801 0.0000000000
140712  -9.992  40.240  5.500 0.0000000000
140713  -9.593  39.823  5.959 0.0000000000
140714  -8.977  39.555  6.524 0.0000000000
140715  -9.850  39.397  7.221 0.0000000000
140716  -9.070  39.402  7.135 0.0000000000
140717  -8.270  39.459  7.019 0.0000000000
140718  -7.584  39.400  7.528 0.0000000000
140719  -6.961  39.321  8.035 0.0000000000
140720  -6.415  39.175  8.509 0.0000000000
140721  -6.592  39.046  9.173 0.0000000000
140722  -6.789  38.927  9.797 0.0000000000
140723  -7.023  38.733  10.431 0.0000000000
140724  -8.415  38.799  10.062 0.0000000000
140725  -7.807  38.741  10.583 0.0000000000
140726  -7.285  38.547  11.082 0.0000000000
140727  -7.552  38.324  11.748 0.0000000000
140728  -7.732  38.064  12.338 0.0000000000
140729  -7.912  37.819  12.956 0.0000000000
141137  -9.241  38.334  -5.962 0.0000000000
141138  -8.842  37.909  -6.299 0.0000000000
141139  -8.475  37.431  -6.617 0.0000000000
141140  -7.861  37.336  -6.481 0.0000000000
141141  -7.222  37.276  -6.342 0.0000000000
152931  -2.982  23.348  -2.777 0.0000000000
152932  -2.261  22.779  -2.545 0.0000000000
152933  -1.522  22.174  -2.511 0.0000000000
152934  -1.381  23.256  -2.310 0.0000000000
152985  -5.858  36.371  -5.539 0.0000000000
152986  -5.819  35.799  -5.083 0.0000000000
152987  -5.994  35.186  -4.540 0.0000000000
152988  -6.022  36.230  -4.031 0.0000000000
152989  -6.156  35.388  -4.017 0.0000000000
152990  -6.272  34.549  -3.998 0.0000000000
152991  -6.479  33.899  -3.340 0.0000000000
152992  -6.543  33.214  -2.703 0.0000000000
152993  -6.234  32.559  -2.145 0.0000000000
152994  -6.650  36.950  -1.725 0.0000000000
152995  -6.822  36.051  -1.768 0.0000000000
152996  -6.860  35.197  -1.741 0.0000000000
152997  -6.731  34.585  -0.629 0.0000000000
152998  -6.723  34.481  -1.178 0.0000000000
152999  -6.766  34.339  -1.740 0.0000000000
153000  -6.516  33.524  -1.693 0.0000000000
153001  -6.190  32.734  -1.631 0.0000000000
153002  -5.605  32.004  -1.631 0.0000000000
153003  -4.759  31.558  -1.205 0.0000000000
153004  -3.766  31.144  -0.897 0.0000000000
153005  -2.805  30.772  -0.540 0.0000000000
153006  -3.242  31.628  -0.013 0.0000000000
153007  -2.513  31.052  -0.133 0.0000000000
153012  -6.459  37.261  3.279 0.0000000000
153013  -6.375  36.537  3.092 0.0000000000
153014  -6.276  35.819  2.899 0.0000000000
153015  -6.012  35.214  3.892 0.0000000000
153016  -6.017  35.153  3.291 0.0000000000
153017  -6.064  35.090  2.750 0.0000000000
153018  -5.641  34.447  2.588 0.0000000000
153019  -5.008  33.862  2.457 0.0000000000
153020  -4.295  33.322  2.334 0.0000000000
153021  -4.100  33.077  5.700 0.0000000000
153022  -3.877  33.094  5.143 0.0000000000
153023  -3.749  33.080  4.599 0.0000000000
153024  -1.881  32.497  4.846 0.0000000000
153025  -2.741  32.759  4.406 0.0000000000
153026  -3.541  33.079  3.962 0.0000000000
153027  -3.453  33.021  3.344 0.0000000000
153028  -3.481  32.937  2.743 0.0000000000
153029  -3.537  32.850  2.179 0.0000000000
153030  -2.661  32.409  1.989 0.0000000000
153031  -1.744  32.054  1.734 0.0000000000
153203  -13.192  41.677  8.067 0.0000000000
153206  -13.148  41.085  8.334 0.0000000000
153207  -13.017  40.523  8.661 0.0000000000
153208  -12.766  40.003  9.040 0.0000000000
153209  -12.364  39.533  9.434 0.0000000000
153216  -13.334  39.864  10.340 0.0000000000
153217  -12.673  39.475  10.118 0.0000000000
153218  -11.990  39.203  9.931 0.0000000000
153219  -11.580  38.900  10.458 0.0000000000
153220  -11.060  38.654  10.987 0.0000000000
153221  -10.439  38.450  11.506 0.0000000000
153222  -11.594  38.236  12.200 0.0000000000
153223  -10.737  38.205  12.102 0.0000000000
153224  -9.860  38.214  12.011 0.0000000000
153225  -9.333  37.920  12.441 0.0000000000
153226  -8.808  37.676  12.949 0.0000000000
153227  -8.261  37.403  13.506 0.0000000000
153300  -12.615  37.079  14.572 0.0000000000
153301  -11.850  36.932  14.393 0.0000000000
153302  -11.097  36.827  14.275 0.0000000000
153303  -10.894  35.974  15.355 0.0000000000
153304  -10.583  36.390  14.794 0.0000000000
153305  -10.276  36.805  14.211 0.0000000000
153306  -9.440  36.857  14.112 0.0000000000
153307  -8.587  36.968  14.100 0.0000000000
153308  -7.673  37.064  14.111 0.0000000000
153309  -7.143  36.750  14.684 0.0000000000
153310  -6.669  36.393  15.172 0.0000000000
153311  -6.276  35.888  15.567 0.0000000000
153312  -7.357  35.406  16.250 0.0000000000
153313  -6.568  35.432  16.159 0.0000000000
153314  -6.016  35.261  15.903 0.0000000000
153315  -5.883  34.571  16.181 0.0000000000
153316  -5.810  33.882  16.398 0.0000000000
153317  -5.703  33.251  16.578 0.0000000000
153318  -9.173  33.287  18.061 0.0000000000
153319  -8.362  33.433  18.061 0.0000000000
153320  -7.598  33.529  18.020 0.0000000000
153323  -6.909  33.532  17.892 0.0000000000
153324  -6.286  33.376  17.631 0.0000000000
154318  -6.511  26.119  -8.948 0.0000000000
154319  -6.549  25.692  -9.309 0.0000000000
154320  -6.609  25.324  -9.689 0.0000000000
154321  -6.424  24.080  -8.763 0.0000000000
154322  -6.543  24.515  -9.383 0.0000000000
154323  -6.636  24.921  -10.039 0.0000000000
154324  -6.586  24.518  -10.381 0.0000000000
154325  -6.528  24.143  -10.740 0.0000000000
154330  -6.337  21.068  -9.138 0.0000000000
154335  -6.217  17.108  -8.825 0.0000000000
154337  -5.754  16.098  -7.839 0.0000000000
154338  -5.486  15.552  -7.362 0.0000000000
154339  -5.584  17.266  -7.229 0.0000000000
154340  -5.412  16.207  -7.077 0.0000000000
154342  -4.900  14.789  -6.578 0.0000000000
154343  -4.623  14.249  -6.208 0.0000000000
154345  -5.070  19.249  -6.024 0.0000000000
154346  -4.872  18.367  -5.889 0.0000000000
154347  -4.706  17.483  -5.781 0.0000000000
154348  -4.241  17.625  -5.101 0.0000000000
154349  -4.419  17.100  -5.383 0.0000000000
154350  -4.560  16.590  -5.697 0.0000000000
154351  -4.394  15.553  -5.613 0.0000000000
