#!ascii label  , from subject fsaverage vox2ras=TkReg 
1064
125  -41.227  -25.799  1.674 0.0000000000
269  -41.585  -30.515  6.431 0.0000000000
270  -48.925  -22.774  6.566 0.0000000000
271  -36.250  -28.210  9.224 0.0000000000
534  -51.685  -14.526  2.526 0.0000000000
749  -36.748  -32.157  11.835 0.0000000000
750  -40.125  -28.929  10.530 0.0000000000
751  -34.033  -30.322  12.728 0.0000000000
1172  -44.123  -22.077  6.082 0.0000000000
1173  -50.737  -18.363  5.717 0.0000000000
1174  -46.199  -19.650  2.537 0.0000000000
1175  -48.548  -16.974  -0.628 0.0000000000
1638  -49.922  -22.305  2.052 0.0000000000
1639  -45.488  -26.747  6.323 0.0000000000
1640  -42.373  -25.161  8.907 0.0000000000
1641  -38.373  -26.720  5.365 0.0000000000
2240  -53.497  -18.591  2.811 0.0000000000
2669  -34.330  -32.352  14.691 0.0000000000
2670  -35.643  -31.041  13.154 0.0000000000
3092  -42.148  -23.609  3.673 0.0000000000
3093  -44.956  -20.705  4.286 0.0000000000
3094  -43.750  -22.893  1.969 0.0000000000
3095  -45.276  -21.973  0.324 0.0000000000
3096  -42.771  -24.875  -0.112 0.0000000000
3689  -43.683  -28.830  4.030 0.0000000000
3690  -45.770  -26.599  4.006 0.0000000000
3691  -43.663  -28.609  6.228 0.0000000000
3692  -38.174  -27.923  10.601 0.0000000000
3693  -41.389  -27.004  9.920 0.0000000000
3694  -39.076  -26.407  9.079 0.0000000000
3695  -39.987  -25.248  7.282 0.0000000000
3696  -37.265  -27.372  7.266 0.0000000000
4957  -49.634  -22.742  4.325 0.0000000000
4958  -51.779  -20.347  2.266 0.0000000000
4959  -51.367  -20.798  4.586 0.0000000000
4960  -51.146  -16.375  4.422 0.0000000000
4961  -53.573  -16.771  4.658 0.0000000000
4962  -54.107  -14.730  3.247 0.0000000000
4966  -52.700  -12.275  0.670 0.0000000000
5957  -39.216  -31.592  9.146 0.0000000000
5958  -41.277  -29.956  8.746 0.0000000000
5959  -38.629  -30.660  11.053 0.0000000000
5960  -37.048  -29.482  12.005 0.0000000000
5961  -35.233  -29.236  10.952 0.0000000000
6718  -46.553  -22.058  7.352 0.0000000000
6719  -50.123  -20.604  6.273 0.0000000000
6720  -47.210  -20.025  6.184 0.0000000000
6721  -47.865  -18.267  4.596 0.0000000000
6722  -48.672  -16.673  2.915 0.0000000000
6723  -49.706  -15.109  1.221 0.0000000000
6724  -47.538  -18.488  0.889 0.0000000000
6725  -46.581  -20.685  -1.159 0.0000000000
7663  -47.936  -24.497  1.985 0.0000000000
7664  -47.657  -24.707  4.094 0.0000000000
7665  -47.337  -24.857  6.555 0.0000000000
7666  -43.038  -28.101  8.640 0.0000000000
7667  -44.547  -26.151  8.595 0.0000000000
7668  -45.710  -24.092  8.140 0.0000000000
7669  -43.173  -23.517  7.594 0.0000000000
7670  -40.898  -24.298  5.406 0.0000000000
7671  -39.718  -26.289  3.457 0.0000000000
9281  -52.700  -18.868  4.767 0.0000000000
9282  -54.967  -17.062  3.299 0.0000000000
9301  -33.947  -28.637  7.672 0.0000000000
9302  -35.140  -28.231  5.646 0.0000000000
9303  -36.450  -27.835  3.648 0.0000000000
9304  -37.800  -27.414  1.695 0.0000000000
10349  -33.229  -32.220  15.952 0.0000000000
10350  -33.613  -31.773  14.912 0.0000000000
10363  -34.083  -32.937  15.348 0.0000000000
10772  -41.696  -24.756  2.635 0.0000000000
10773  -42.903  -23.283  2.780 0.0000000000
10774  -42.554  -24.418  1.791 0.0000000000
10775  -43.323  -24.017  0.940 0.0000000000
10776  -41.968  -25.418  0.830 0.0000000000
11369  -42.618  -29.703  5.193 0.0000000000
11370  -43.661  -28.677  5.102 0.0000000000
11371  -42.637  -29.534  6.297 0.0000000000
11372  -37.188  -27.846  10.001 0.0000000000
11373  -38.701  -27.141  9.872 0.0000000000
11374  -37.663  -27.247  9.134 0.0000000000
11375  -38.098  -26.740  8.227 0.0000000000
11376  -36.731  -27.788  8.286 0.0000000000
11410  -40.782  -31.385  6.408 0.0000000000
11412  -41.885  -30.612  5.047 0.0000000000
12637  -49.524  -22.943  5.583 0.0000000000
12638  -50.573  -21.720  4.490 0.0000000000
12639  -50.320  -21.886  5.579 0.0000000000
12640  -51.302  -15.459  3.513 0.0000000000
12641  -52.634  -15.541  3.948 0.0000000000
12642  -52.851  -14.615  2.947 0.0000000000
12643  -54.479  -13.645  2.251 0.0000000000
12644  -53.316  -13.501  1.920 0.0000000000
12645  -53.811  -12.312  1.015 0.0000000000
12646  -52.212  -13.497  1.606 0.0000000000
13769  -37.971  -31.944  10.457 0.0000000000
13770  -39.004  -31.164  10.114 0.0000000000
13771  -37.648  -31.419  11.413 0.0000000000
13772  -34.837  -30.585  13.142 0.0000000000
13773  -36.428  -30.258  12.582 0.0000000000
13774  -35.543  -29.934  12.381 0.0000000000
13775  -36.159  -29.230  11.654 0.0000000000
13776  -34.596  -29.797  11.800 0.0000000000
13810  -36.069  -32.892  12.215 0.0000000000
13812  -37.228  -32.640  10.697 0.0000000000
13813  -38.483  -32.311  9.179 0.0000000000
15037  -45.289  -21.898  6.963 0.0000000000
15038  -46.943  -20.995  6.815 0.0000000000
15039  -45.619  -21.003  6.203 0.0000000000
15040  -45.559  -20.167  3.392 0.0000000000
15041  -46.307  -19.394  4.542 0.0000000000
15042  -46.782  -18.689  3.658 0.0000000000
15043  -48.291  -17.431  3.741 0.0000000000
15044  -47.377  -18.068  2.746 0.0000000000
15045  -48.008  -17.414  1.948 0.0000000000
15046  -46.897  -19.074  1.742 0.0000000000
15047  -44.714  -23.015  -0.706 0.0000000000
15048  -45.979  -21.341  -0.409 0.0000000000
16832  -45.624  -26.772  5.072 0.0000000000
16833  -46.688  -25.700  4.054 0.0000000000
16834  -46.586  -25.851  5.180 0.0000000000
16835  -47.569  -24.890  5.314 0.0000000000
16836  -46.411  -25.826  6.445 0.0000000000
16837  -40.824  -29.584  9.763 0.0000000000
16838  -42.217  -29.077  8.600 0.0000000000
16839  -41.567  -28.569  9.636 0.0000000000
16840  -41.915  -26.071  9.463 0.0000000000
16841  -43.031  -26.566  9.349 0.0000000000
16842  -43.562  -25.634  9.062 0.0000000000
16843  -45.142  -25.161  8.397 0.0000000000
16844  -44.021  -24.631  8.602 0.0000000000
16845  -44.491  -23.698  8.144 0.0000000000
16846  -42.748  -24.300  8.301 0.0000000000
16847  -39.008  -25.855  6.258 0.0000000000
16848  -40.459  -24.725  6.366 0.0000000000
16849  -39.540  -25.517  5.309 0.0000000000
16850  -40.168  -25.238  4.359 0.0000000000
16851  -39.012  -26.482  4.391 0.0000000000
20635  -52.677  -19.375  2.505 0.0000000000
20640  -50.511  -19.472  6.068 0.0000000000
20641  -51.571  -19.746  5.565 0.0000000000
20642  -51.948  -18.695  5.502 0.0000000000
20643  -54.835  -15.932  3.835 0.0000000000
20644  -54.389  -16.962  4.046 0.0000000000
20662  -48.967  -15.917  0.338 0.0000000000
20663  -50.179  -14.144  0.433 0.0000000000
20664  -49.421  -14.966  -0.374 0.0000000000
20693  -34.499  -28.424  6.666 0.0000000000
20698  -37.111  -27.615  2.694 0.0000000000
23237  -35.522  -32.344  13.278 0.0000000000
23238  -36.314  -31.630  12.717 0.0000000000
23239  -34.902  -31.784  13.851 0.0000000000
23240  -34.166  -31.231  13.946 0.0000000000
23241  -33.382  -30.806  13.693 0.0000000000
23262  -34.729  -33.618  14.352 0.0000000000
23263  -35.020  -32.990  13.805 0.0000000000
23998  -42.944  -22.647  4.836 0.0000000000
23999  -44.497  -21.337  5.177 0.0000000000
24000  -43.557  -22.165  3.953 0.0000000000
24001  -44.245  -21.711  3.094 0.0000000000
24002  -44.992  -21.324  2.249 0.0000000000
24003  -45.780  -20.826  1.460 0.0000000000
24004  -44.490  -22.540  1.113 0.0000000000
24005  -44.090  -23.513  0.099 0.0000000000
25073  -44.882  -27.886  2.953 0.0000000000
25074  -45.839  -26.650  2.954 0.0000000000
25075  -44.748  -27.684  3.968 0.0000000000
25076  -44.711  -27.682  5.039 0.0000000000
25077  -44.620  -27.715  6.217 0.0000000000
25078  -39.199  -28.320  10.861 0.0000000000
25079  -40.793  -27.956  10.228 0.0000000000
25080  -39.782  -27.431  10.292 0.0000000000
25081  -40.290  -26.542  9.671 0.0000000000
25082  -40.699  -25.759  9.026 0.0000000000
25083  -41.146  -24.983  8.305 0.0000000000
25084  -39.559  -25.803  8.237 0.0000000000
25085  -38.574  -26.266  7.226 0.0000000000
25086  -37.823  -27.011  6.312 0.0000000000
27355  -49.686  -22.559  3.111 0.0000000000
27356  -50.842  -21.283  2.065 0.0000000000
27357  -50.599  -21.497  3.226 0.0000000000
27358  -51.512  -20.541  3.436 0.0000000000
27359  -52.344  -19.652  3.651 0.0000000000
27360  -50.924  -17.384  5.189 0.0000000000
27361  -52.291  -17.629  5.271 0.0000000000
27362  -52.499  -16.557  4.828 0.0000000000
27363  -53.822  -15.703  4.163 0.0000000000
27364  -55.260  -14.887  3.296 0.0000000000
29261  -40.441  -31.157  7.757 0.0000000000
29262  -41.538  -30.244  7.608 0.0000000000
29263  -40.290  -30.820  8.864 0.0000000000
29264  -39.990  -30.392  9.906 0.0000000000
29265  -39.400  -29.854  10.806 0.0000000000
29266  -37.149  -30.851  12.266 0.0000000000
29267  -37.938  -30.049  11.803 0.0000000000
29268  -38.625  -29.196  11.353 0.0000000000
29269  -37.649  -28.697  11.358 0.0000000000
29270  -36.708  -28.514  10.851 0.0000000000
29271  -35.852  -28.665  10.082 0.0000000000
29323  -39.633  -31.924  7.818 0.0000000000
31036  -47.829  -22.445  7.201 0.0000000000
31037  -49.554  -21.653  6.448 0.0000000000
31038  -48.302  -21.317  6.895 0.0000000000
31039  -48.726  -20.235  6.492 0.0000000000
31040  -48.999  -19.142  6.007 0.0000000000
31041  -45.943  -20.180  5.374 0.0000000000
31042  -47.529  -19.125  5.418 0.0000000000
31043  -49.201  -18.204  5.328 0.0000000000
31044  -49.531  -17.277  4.573 0.0000000000
31045  -49.781  -16.363  3.756 0.0000000000
31046  -50.200  -15.499  2.853 0.0000000000
31047  -50.625  -14.553  1.994 0.0000000000
31048  -49.210  -15.896  2.057 0.0000000000
31049  -48.537  -16.718  1.113 0.0000000000
31050  -48.045  -17.728  0.139 0.0000000000
31051  -46.455  -20.270  0.664 0.0000000000
31052  -47.060  -19.644  -0.128 0.0000000000
31053  -47.628  -18.886  -0.888 0.0000000000
33417  -48.988  -23.403  2.043 0.0000000000
33418  -46.788  -25.573  2.965 0.0000000000
33419  -47.778  -24.514  3.049 0.0000000000
33420  -48.728  -23.483  3.091 0.0000000000
33421  -48.646  -23.749  4.214 0.0000000000
33422  -48.537  -23.951  5.534 0.0000000000
33423  -48.130  -23.835  6.621 0.0000000000
33424  -42.567  -29.335  7.482 0.0000000000
33425  -43.460  -28.462  7.471 0.0000000000
33426  -44.298  -27.548  7.519 0.0000000000
33427  -42.375  -27.526  9.500 0.0000000000
33428  -43.854  -27.114  8.630 0.0000000000
33429  -45.185  -26.597  7.610 0.0000000000
33430  -46.008  -25.584  7.618 0.0000000000
33431  -46.707  -24.557  7.532 0.0000000000
33432  -47.318  -23.533  7.406 0.0000000000
33433  -46.176  -23.103  7.752 0.0000000000
33434  -44.848  -22.781  7.574 0.0000000000
33435  -43.612  -22.771  6.837 0.0000000000
33436  -41.577  -24.304  7.497 0.0000000000
33437  -41.953  -23.691  6.585 0.0000000000
33438  -42.430  -23.119  5.771 0.0000000000
33439  -41.504  -23.923  4.531 0.0000000000
33440  -40.911  -25.007  3.458 0.0000000000
33441  -40.486  -26.076  2.531 0.0000000000
38081  -51.009  -20.838  5.582 0.0000000000
38082  -52.026  -19.829  4.677 0.0000000000
38083  -53.045  -18.804  3.774 0.0000000000
38084  -53.254  -17.850  4.796 0.0000000000
38085  -53.740  -17.939  4.018 0.0000000000
38086  -54.241  -17.871  3.088 0.0000000000
38108  -51.093  -13.659  1.116 0.0000000000
38109  -51.605  -12.518  0.277 0.0000000000
38131  -32.883  -30.059  12.324 0.0000000000
38132  -33.373  -29.702  11.279 0.0000000000
38133  -33.967  -29.335  10.303 0.0000000000
38134  -34.515  -29.017  9.353 0.0000000000
38143  -35.032  -28.712  8.340 0.0000000000
38144  -35.637  -28.370  7.386 0.0000000000
38145  -36.251  -28.068  6.436 0.0000000000
38146  -36.858  -27.822  5.496 0.0000000000
38148  -35.820  -28.052  4.657 0.0000000000
38149  -37.527  -27.628  4.468 0.0000000000
38150  -38.222  -27.388  3.478 0.0000000000
38151  -38.949  -27.143  2.545 0.0000000000
38152  -39.649  -26.908  1.565 0.0000000000
38178  -38.553  -27.116  0.711 0.0000000000
38179  -40.388  -26.559  0.624 0.0000000000
41492  -41.484  -25.318  2.159 0.0000000000
41493  -42.107  -24.602  2.217 0.0000000000
41494  -41.923  -25.143  1.734 0.0000000000
41495  -42.294  -24.934  1.318 0.0000000000
41496  -41.588  -25.612  1.259 0.0000000000
42089  -42.122  -30.123  5.791 0.0000000000
42090  -42.626  -29.615  5.744 0.0000000000
42091  -42.108  -30.015  6.372 0.0000000000
42092  -36.721  -27.999  9.624 0.0000000000
42093  -37.419  -27.548  9.551 0.0000000000
42094  -36.928  -27.755  9.204 0.0000000000
42095  -37.181  -27.473  8.721 0.0000000000
42096  -36.498  -28.006  8.754 0.0000000000
42130  -41.208  -30.931  6.348 0.0000000000
42131  -41.378  -31.009  5.678 0.0000000000
42132  -41.746  -30.551  5.712 0.0000000000
42133  -42.252  -30.155  5.101 0.0000000000
43357  -49.288  -22.879  6.124 0.0000000000
43358  -49.924  -22.403  5.585 0.0000000000
43359  -49.694  -22.372  6.096 0.0000000000
43360  -51.479  -14.996  3.049 0.0000000000
43361  -52.082  -15.038  3.272 0.0000000000
43362  -52.239  -14.580  2.774 0.0000000000
43363  -53.073  -14.059  2.421 0.0000000000
43364  -52.490  -14.017  2.239 0.0000000000
43365  -52.756  -13.498  1.778 0.0000000000
43366  -51.930  -14.041  2.065 0.0000000000
44489  -37.357  -32.048  11.137 0.0000000000
44490  -37.813  -31.690  10.941 0.0000000000
44491  -37.199  -31.793  11.605 0.0000000000
44492  -34.463  -30.424  12.940 0.0000000000
44493  -35.215  -30.267  12.737 0.0000000000
44494  -34.799  -30.128  12.517 0.0000000000
44495  -35.062  -29.851  12.113 0.0000000000
44496  -34.313  -30.084  12.276 0.0000000000
44530  -36.392  -32.538  12.023 0.0000000000
44531  -36.625  -32.769  11.432 0.0000000000
44532  -36.992  -32.404  11.269 0.0000000000
44533  -37.593  -32.280  10.572 0.0000000000
45757  -44.720  -21.949  6.571 0.0000000000
45758  -45.462  -21.433  6.607 0.0000000000
45759  -44.855  -21.528  6.161 0.0000000000
45760  -45.881  -19.919  2.962 0.0000000000
45761  -46.176  -19.430  3.531 0.0000000000
45762  -46.447  -19.114  3.092 0.0000000000
45763  -47.064  -18.389  3.200 0.0000000000
45764  -46.755  -18.823  2.635 0.0000000000
45765  -47.109  -18.545  2.240 0.0000000000
45766  -46.533  -19.388  2.125 0.0000000000
45768  -45.009  -22.689  -1.110 0.0000000000
47552  -45.576  -26.785  5.702 0.0000000000
47553  -46.105  -26.323  5.160 0.0000000000
47554  -46.027  -26.345  5.752 0.0000000000
47555  -46.512  -25.855  5.794 0.0000000000
47556  -45.970  -26.286  6.359 0.0000000000
47557  -40.482  -29.270  10.209 0.0000000000
47558  -41.229  -29.097  9.655 0.0000000000
47559  -40.890  -28.770  10.103 0.0000000000
47560  -42.175  -25.599  9.209 0.0000000000
47561  -42.736  -25.838  9.286 0.0000000000
47562  -42.995  -25.362  9.031 0.0000000000
47563  -43.828  -25.136  8.823 0.0000000000
47564  -43.205  -24.886  8.795 0.0000000000
47565  -43.384  -24.438  8.506 0.0000000000
47566  -42.546  -24.705  8.604 0.0000000000
47567  -38.673  -26.276  5.813 0.0000000000
47568  -39.270  -25.669  5.789 0.0000000000
47569  -38.924  -26.127  5.334 0.0000000000
47570  -39.232  -25.993  4.853 0.0000000000
47571  -38.683  -26.590  4.878 0.0000000000
51352  -50.120  -22.285  1.562 0.0000000000
51354  -50.613  -21.714  1.526 0.0000000000
51355  -53.111  -18.956  2.645 0.0000000000
51356  -53.341  -18.911  2.170 0.0000000000
51357  -53.787  -18.548  2.354 0.0000000000
51359  -54.134  -18.195  2.517 0.0000000000
51360  -50.635  -18.900  5.942 0.0000000000
51361  -51.260  -19.078  5.815 0.0000000000
51362  -51.386  -18.507  5.678 0.0000000000
51364  -55.246  -16.079  3.582 0.0000000000
51382  -48.741  -16.429  -0.163 0.0000000000
51383  -49.204  -15.486  -0.061 0.0000000000
51384  -48.968  -16.003  -0.526 0.0000000000
54089  -34.905  -32.390  13.977 0.0000000000
54090  -35.283  -32.068  13.587 0.0000000000
54091  -34.596  -32.081  14.234 0.0000000000
54092  -33.253  -31.513  14.882 0.0000000000
54093  -33.897  -31.518  14.411 0.0000000000
54094  -33.499  -31.266  14.366 0.0000000000
54095  -33.778  -31.004  13.854 0.0000000000
54096  -33.091  -31.026  14.261 0.0000000000
54129  -34.315  -33.555  15.240 0.0000000000
54130  -34.176  -32.628  15.012 0.0000000000
54131  -34.536  -32.982  14.599 0.0000000000
54132  -34.693  -32.670  14.291 0.0000000000
54133  -35.225  -32.673  13.542 0.0000000000
55357  -42.494  -23.092  4.243 0.0000000000
55358  -43.229  -22.412  4.374 0.0000000000
55359  -42.840  -22.858  3.815 0.0000000000
55360  -43.344  -23.090  2.390 0.0000000000
55361  -43.568  -22.506  2.913 0.0000000000
55362  -43.969  -22.307  2.498 0.0000000000
55363  -44.618  -21.501  2.664 0.0000000000
55364  -44.368  -22.110  2.073 0.0000000000
55365  -44.726  -21.916  1.655 0.0000000000
55366  -44.139  -22.708  1.529 0.0000000000
55367  -43.048  -24.513  0.426 0.0000000000
55368  -43.690  -23.805  0.516 0.0000000000
55369  -43.424  -24.233  -0.017 0.0000000000
55370  -43.767  -24.001  -0.460 0.0000000000
55371  -43.089  -24.634  -0.549 0.0000000000
57149  -44.284  -28.358  3.473 0.0000000000
57150  -44.790  -27.747  3.433 0.0000000000
57151  -44.216  -28.261  3.986 0.0000000000
57152  -43.662  -28.642  5.670 0.0000000000
57153  -44.188  -28.192  5.044 0.0000000000
57154  -44.191  -28.179  5.590 0.0000000000
57155  -44.706  -27.701  5.616 0.0000000000
57156  -44.154  -28.153  6.201 0.0000000000
57157  -38.697  -28.085  10.780 0.0000000000
57158  -39.507  -27.879  10.562 0.0000000000
57159  -38.969  -27.660  10.486 0.0000000000
57160  -38.919  -26.779  9.466 0.0000000000
57161  -39.483  -26.819  9.770 0.0000000000
57162  -39.690  -26.450  9.406 0.0000000000
57163  -40.502  -26.153  9.347 0.0000000000
57164  -39.881  -26.087  9.045 0.0000000000
57165  -40.107  -25.724  8.690 0.0000000000
57166  -39.311  -26.106  8.685 0.0000000000
57167  -37.688  -26.996  7.748 0.0000000000
57168  -38.351  -26.489  7.747 0.0000000000
57169  -37.913  -26.828  7.252 0.0000000000
57170  -38.180  -26.633  6.719 0.0000000000
57171  -37.519  -27.189  6.794 0.0000000000
57280  -43.331  -29.318  3.963 0.0000000000
57282  -43.929  -28.872  3.414 0.0000000000
60952  -49.660  -22.634  3.688 0.0000000000
60953  -50.168  -22.024  3.145 0.0000000000
60954  -50.121  -22.090  3.754 0.0000000000
60955  -50.983  -21.272  4.500 0.0000000000
60956  -51.032  -21.148  3.935 0.0000000000
60957  -51.427  -20.671  3.995 0.0000000000
60958  -51.928  -20.065  3.516 0.0000000000
60959  -51.818  -20.213  4.097 0.0000000000
60960  -51.048  -16.880  4.814 0.0000000000
60961  -51.723  -16.985  5.024 0.0000000000
60962  -51.851  -16.497  4.692 0.0000000000
60963  -53.316  -15.124  3.646 0.0000000000
60964  -53.242  -15.618  4.107 0.0000000000
60965  -53.909  -15.232  3.780 0.0000000000
60966  -54.523  -15.305  3.763 0.0000000000
60967  -54.699  -14.786  3.301 0.0000000000
60969  -54.870  -14.267  2.832 0.0000000000
60970  -54.728  -13.016  1.769 0.0000000000
60977  -53.225  -12.293  0.839 0.0000000000
64349  -39.834  -31.406  8.434 0.0000000000
64350  -40.367  -31.001  8.324 0.0000000000
64351  -39.746  -31.220  8.989 0.0000000000
64352  -38.847  -30.926  10.569 0.0000000000
64353  -39.549  -30.801  9.963 0.0000000000
64354  -39.318  -30.549  10.459 0.0000000000
64355  -39.693  -30.189  10.379 0.0000000000
64356  -39.008  -30.263  10.923 0.0000000000
64357  -36.039  -31.312  12.974 0.0000000000
64358  -36.733  -31.229  12.470 0.0000000000
64359  -36.416  -30.934  12.766 0.0000000000
64360  -36.769  -29.885  12.277 0.0000000000
64361  -37.200  -30.126  12.252 0.0000000000
64362  -37.555  -29.768  11.981 0.0000000000
64363  -38.320  -29.631  11.604 0.0000000000
64364  -37.846  -29.353  11.714 0.0000000000
64365  -38.129  -28.942  11.458 0.0000000000
64366  -37.379  -29.112  11.701 0.0000000000
64367  -35.666  -29.212  11.334 0.0000000000
64368  -36.394  -28.879  11.254 0.0000000000
64369  -35.957  -28.897  10.898 0.0000000000
64370  -36.227  -28.593  10.461 0.0000000000
64371  -35.522  -28.954  10.522 0.0000000000
64480  -38.820  -31.951  9.187 0.0000000000
64481  -39.069  -32.126  8.492 0.0000000000
64482  -39.436  -31.753  8.468 0.0000000000
64483  -40.044  -31.528  7.752 0.0000000000
68152  -47.198  -22.238  7.342 0.0000000000
68153  -48.063  -21.862  7.064 0.0000000000
68154  -47.417  -21.691  7.187 0.0000000000
68155  -47.096  -20.504  6.521 0.0000000000
68156  -47.802  -20.606  6.680 0.0000000000
68157  -47.950  -20.082  6.431 0.0000000000
68158  -48.877  -19.689  6.269 0.0000000000
68159  -48.087  -19.594  6.092 0.0000000000
68160  -44.741  -21.020  4.734 0.0000000000
68161  -45.236  -20.733  5.299 0.0000000000
68162  -45.418  -20.364  4.855 0.0000000000
68163  -47.055  -18.786  4.589 0.0000000000
68164  -46.868  -19.221  5.008 0.0000000000
68165  -47.661  -18.654  4.993 0.0000000000
68166  -48.342  -18.642  5.367 0.0000000000
68167  -48.514  -18.201  4.979 0.0000000000
68168  -49.400  -17.745  4.962 0.0000000000
68169  -48.691  -17.766  4.609 0.0000000000
68170  -48.480  -17.065  3.341 0.0000000000
68171  -49.020  -16.868  3.764 0.0000000000
68172  -49.200  -16.452  3.350 0.0000000000
68173  -49.952  -15.898  3.334 0.0000000000
68174  -49.398  -16.062  2.910 0.0000000000
68175  -49.619  -15.625  2.491 0.0000000000
68176  -48.937  -16.301  2.475 0.0000000000
68177  -47.756  -17.926  1.435 0.0000000000
68178  -48.269  -17.081  1.542 0.0000000000
68179  -48.036  -17.592  1.002 0.0000000000
68180  -48.287  -17.197  0.603 0.0000000000
68181  -47.794  -18.129  0.498 0.0000000000
68182  -45.518  -21.412  0.889 0.0000000000
68183  -46.119  -20.570  1.066 0.0000000000
68184  -45.879  -21.161  0.481 0.0000000000
68185  -46.282  -21.018  -0.788 0.0000000000
68186  -46.550  -20.491  -0.260 0.0000000000
68187  -46.836  -20.180  -0.648 0.0000000000
68188  -47.359  -19.285  -0.496 0.0000000000
68189  -47.129  -19.807  -1.039 0.0000000000
73536  -48.469  -23.960  2.031 0.0000000000
73537  -45.810  -26.577  3.463 0.0000000000
73538  -46.322  -26.098  2.965 0.0000000000
73539  -46.274  -26.071  3.477 0.0000000000
73540  -47.178  -25.224  4.089 0.0000000000
73541  -47.212  -25.128  3.567 0.0000000000
73542  -47.680  -24.627  3.588 0.0000000000
73543  -48.234  -24.013  3.082 0.0000000000
73544  -48.168  -24.118  3.602 0.0000000000
73545  -48.631  -23.653  3.623 0.0000000000
73546  -48.132  -24.236  4.154 0.0000000000
73547  -47.477  -24.901  5.970 0.0000000000
73548  -48.054  -24.411  5.457 0.0000000000
73549  -47.918  -24.418  6.068 0.0000000000
73550  -48.414  -23.934  6.131 0.0000000000
73551  -47.716  -24.352  6.606 0.0000000000
73552  -41.432  -30.105  8.214 0.0000000000
73553  -42.055  -29.778  7.533 0.0000000000
73554  -41.947  -29.660  8.111 0.0000000000
73555  -42.608  -28.603  8.614 0.0000000000
73556  -42.918  -28.769  8.027 0.0000000000
73557  -43.249  -28.328  8.074 0.0000000000
73558  -43.863  -28.035  7.495 0.0000000000
73559  -43.681  -27.841  8.085 0.0000000000
73560  -41.108  -27.472  10.058 0.0000000000
73561  -41.585  -27.753  9.896 0.0000000000
73562  -41.931  -27.265  9.772 0.0000000000
73563  -43.809  -26.362  8.995 0.0000000000
73564  -43.483  -26.846  9.043 0.0000000000
73565  -44.235  -26.650  8.634 0.0000000000
73566  -44.536  -26.877  8.140 0.0000000000
73567  -44.915  -26.398  8.155 0.0000000000
73568  -45.591  -26.100  7.622 0.0000000000
73569  -45.310  -25.899  8.153 0.0000000000
73570  -45.422  -24.627  8.268 0.0000000000
73571  -45.936  -24.887  8.003 0.0000000000
73572  -46.254  -24.370  7.905 0.0000000000
73573  -47.030  -24.057  7.479 0.0000000000
73574  -46.523  -23.830  7.775 0.0000000000
73575  -46.794  -23.315  7.646 0.0000000000
73576  -45.953  -23.593  7.952 0.0000000000
73577  -43.857  -23.573  7.943 0.0000000000
73578  -44.666  -23.239  7.852 0.0000000000
73579  -44.031  -23.138  7.587 0.0000000000
73580  -44.263  -22.720  7.281 0.0000000000
73581  -43.412  -23.108  7.218 0.0000000000
73582  -40.555  -25.071  7.827 0.0000000000
73583  -41.354  -24.638  7.919 0.0000000000
73584  -40.771  -24.746  7.419 0.0000000000
73585  -40.675  -24.511  5.868 0.0000000000
73586  -41.201  -24.193  6.468 0.0000000000
73587  -41.421  -23.933  6.017 0.0000000000
73588  -42.185  -23.412  6.163 0.0000000000
73589  -41.653  -23.717  5.570 0.0000000000
73590  -41.934  -23.478  5.109 0.0000000000
73591  -41.183  -24.102  4.972 0.0000000000
73592  -39.875  -25.803  3.912 0.0000000000
73593  -40.517  -25.130  3.916 0.0000000000
73594  -40.303  -25.671  3.452 0.0000000000
73595  -40.721  -25.570  3.006 0.0000000000
73596  -40.108  -26.175  3.001 0.0000000000
84945  -51.319  -20.813  2.144 0.0000000000
84946  -51.581  -20.733  1.602 0.0000000000
84947  -52.053  -20.229  1.710 0.0000000000
84960  -49.834  -21.122  6.361 0.0000000000
84961  -50.328  -21.270  6.032 0.0000000000
84962  -50.675  -20.765  5.995 0.0000000000
84963  -52.131  -19.308  5.164 0.0000000000
84964  -51.841  -19.830  5.159 0.0000000000
84965  -52.374  -19.383  4.749 0.0000000000
84966  -52.527  -19.335  4.212 0.0000000000
84967  -52.876  -18.862  4.285 0.0000000000
84968  -52.935  -17.220  4.996 0.0000000000
84969  -52.817  -17.772  5.107 0.0000000000
84970  -53.398  -17.325  4.790 0.0000000000
84971  -54.677  -17.028  3.676 0.0000000000
84972  -54.092  -17.453  4.071 0.0000000000
84973  -54.339  -17.516  3.653 0.0000000000
84974  -53.980  -17.939  3.560 0.0000000000
84975  -54.612  -17.489  3.227 0.0000000000
84976  -54.927  -17.460  2.819 0.0000000000
85027  -50.131  -14.811  1.616 0.0000000000
85028  -50.885  -14.137  1.525 0.0000000000
85029  -50.359  -14.376  1.184 0.0000000000
85030  -50.393  -13.600  0.043 0.0000000000
85031  -50.854  -13.287  0.382 0.0000000000
85088  -33.147  -29.887  11.797 0.0000000000
85089  -32.566  -29.678  11.631 0.0000000000
85091  -33.068  -29.430  10.560 0.0000000000
85092  -33.327  -29.255  10.056 0.0000000000
85093  -34.224  -29.167  9.825 0.0000000000
85094  -33.599  -29.126  9.546 0.0000000000
85115  -33.637  -28.739  8.202 0.0000000000
85116  -34.156  -28.868  8.510 0.0000000000
85117  -34.460  -28.733  8.000 0.0000000000
85118  -35.352  -28.518  7.864 0.0000000000
85119  -34.769  -28.616  7.508 0.0000000000
85120  -34.832  -28.323  6.147 0.0000000000
85121  -35.358  -28.359  6.514 0.0000000000
85122  -35.689  -28.239  6.013 0.0000000000
85123  -36.557  -27.976  5.934 0.0000000000
85124  -35.975  -28.142  5.523 0.0000000000
85130  -36.156  -27.942  4.145 0.0000000000
85131  -36.696  -27.898  4.549 0.0000000000
85132  -37.026  -27.814  4.030 0.0000000000
85133  -37.863  -27.494  3.969 0.0000000000
85134  -37.383  -27.708  3.538 0.0000000000
85135  -37.452  -27.499  2.196 0.0000000000
85136  -38.041  -27.503  2.576 0.0000000000
85137  -38.399  -27.364  2.097 0.0000000000
85138  -39.311  -27.040  2.032 0.0000000000
85139  -38.751  -27.236  1.604 0.0000000000
85205  -38.884  -26.903  0.219 0.0000000000
85206  -39.470  -26.913  0.615 0.0000000000
85207  -39.804  -26.724  0.108 0.0000000000
85208  -40.719  -26.307  0.156 0.0000000000
92357  -33.742  -32.301  15.329 0.0000000000
92358  -33.960  -32.045  14.873 0.0000000000
92359  -33.361  -32.009  15.441 0.0000000000
92381  -33.991  -33.190  15.705 0.0000000000
92382  -33.624  -32.793  16.068 0.0000000000
92383  -33.686  -32.546  15.705 0.0000000000
93118  -41.878  -24.193  3.116 0.0000000000
93119  -42.525  -23.439  3.221 0.0000000000
93120  -42.294  -24.023  2.702 0.0000000000
93121  -42.713  -23.908  2.275 0.0000000000
93122  -43.161  -23.656  1.881 0.0000000000
93123  -43.567  -23.457  1.452 0.0000000000
93124  -42.983  -24.212  1.357 0.0000000000
93125  -42.672  -24.758  0.869 0.0000000000
93126  -42.382  -25.137  0.354 0.0000000000
94193  -43.149  -29.273  4.605 0.0000000000
94194  -43.658  -28.734  4.540 0.0000000000
94195  -43.128  -29.184  5.143 0.0000000000
94196  -43.145  -29.122  5.707 0.0000000000
94197  -43.150  -29.055  6.288 0.0000000000
94198  -37.664  -27.827  10.344 0.0000000000
94199  -38.446  -27.533  10.256 0.0000000000
94200  -37.933  -27.486  9.922 0.0000000000
94201  -38.161  -27.126  9.514 0.0000000000
94202  -38.373  -26.810  9.102 0.0000000000
94203  -38.555  -26.536  8.673 0.0000000000
94204  -37.864  -26.948  8.696 0.0000000000
94205  -37.420  -27.249  8.244 0.0000000000
94206  -37.013  -27.550  7.783 0.0000000000
94273  -42.773  -29.728  4.509 0.0000000000
96475  -49.594  -22.882  4.995 0.0000000000
96476  -50.112  -22.225  4.416 0.0000000000
96477  -50.056  -22.341  5.028 0.0000000000
96478  -50.493  -21.854  5.053 0.0000000000
96479  -50.894  -21.369  5.082 0.0000000000
96480  -51.204  -15.910  3.972 0.0000000000
96481  -51.913  -15.967  4.213 0.0000000000
96482  -51.970  -15.492  3.758 0.0000000000
96483  -52.709  -15.070  3.468 0.0000000000
96484  -53.514  -14.660  3.117 0.0000000000
96485  -54.291  -14.209  2.738 0.0000000000
96486  -53.683  -14.134  2.593 0.0000000000
96487  -53.897  -13.548  2.083 0.0000000000
96488  -54.148  -12.982  1.600 0.0000000000
96490  -53.574  -12.942  1.467 0.0000000000
96491  -53.021  -12.926  1.331 0.0000000000
96492  -52.449  -12.912  1.123 0.0000000000
98513  -38.588  -31.775  9.822 0.0000000000
98514  -39.115  -31.391  9.665 0.0000000000
98515  -38.476  -31.546  10.285 0.0000000000
98516  -38.335  -31.301  10.728 0.0000000000
98517  -38.140  -31.034  11.195 0.0000000000
98518  -35.248  -30.795  13.209 0.0000000000
98519  -36.077  -30.650  12.883 0.0000000000
98520  -35.635  -30.446  12.867 0.0000000000
98521  -36.005  -30.057  12.559 0.0000000000
98522  -36.313  -29.696  12.202 0.0000000000
98523  -36.630  -29.316  11.882 0.0000000000
98524  -35.873  -29.569  12.038 0.0000000000
98525  -35.387  -29.535  11.745 0.0000000000
98526  -34.931  -29.529  11.390 0.0000000000
98586  -35.787  -33.259  12.420 0.0000000000
98591  -38.129  -32.675  9.270 0.0000000000
98592  -37.846  -32.486  9.951 0.0000000000
98593  -38.177  -32.147  9.908 0.0000000000
100795  -45.902  -21.914  7.227 0.0000000000
100796  -46.752  -21.519  7.092 0.0000000000
100797  -46.101  -21.432  6.900 0.0000000000
100798  -46.246  -20.931  6.596 0.0000000000
100799  -46.419  -20.490  6.237 0.0000000000
100800  -45.216  -20.423  3.836 0.0000000000
100801  -45.623  -20.044  4.415 0.0000000000
100802  -45.849  -19.710  3.968 0.0000000000
100803  -46.559  -19.053  4.087 0.0000000000
100804  -47.282  -18.408  4.170 0.0000000000
100805  -48.073  -17.838  4.187 0.0000000000
100806  -47.511  -18.057  3.718 0.0000000000
100807  -47.708  -17.695  3.293 0.0000000000
100808  -48.058  -17.348  2.867 0.0000000000
100809  -48.305  -16.989  2.432 0.0000000000
100810  -47.715  -17.729  2.359 0.0000000000
100811  -47.485  -18.188  1.868 0.0000000000
100812  -47.227  -18.797  1.314 0.0000000000
100813  -45.022  -22.498  -0.201 0.0000000000
100814  -45.657  -21.686  -0.048 0.0000000000
100815  -45.347  -22.225  -0.568 0.0000000000
100816  -45.673  -21.876  -0.946 0.0000000000
100817  -45.967  -21.516  -1.328 0.0000000000
104026  -45.705  -26.677  4.552 0.0000000000
104027  -46.227  -26.145  4.017 0.0000000000
104028  -46.168  -26.250  4.573 0.0000000000
104029  -46.662  -25.795  4.602 0.0000000000
104030  -47.136  -25.306  4.627 0.0000000000
104031  -47.627  -24.824  4.675 0.0000000000
104032  -47.075  -25.384  5.211 0.0000000000
104033  -46.996  -25.381  5.883 0.0000000000
104034  -46.875  -25.339  6.502 0.0000000000
104035  -41.081  -29.785  9.252 0.0000000000
104036  -41.763  -29.545  8.638 0.0000000000
104037  -41.520  -29.358  9.156 0.0000000000
104038  -41.906  -28.896  9.162 0.0000000000
104039  -42.295  -28.348  9.140 0.0000000000
104040  -41.656  -26.542  9.697 0.0000000000
104041  -42.219  -26.796  9.640 0.0000000000
104042  -42.478  -26.292  9.520 0.0000000000
104043  -43.296  -26.087  9.212 0.0000000000
104044  -44.088  -25.884  8.908 0.0000000000
104045  -44.840  -25.654  8.513 0.0000000000
104046  -44.364  -25.399  8.727 0.0000000000
104047  -44.642  -24.880  8.585 0.0000000000
104048  -44.852  -24.361  8.397 0.0000000000
104049  -45.101  -23.871  8.208 0.0000000000
104050  -44.237  -24.145  8.406 0.0000000000
104051  -43.608  -24.000  8.236 0.0000000000
104052  -42.989  -23.916  7.950 0.0000000000
104053  -39.460  -25.492  6.698 0.0000000000
104054  -40.218  -24.977  6.809 0.0000000000
104055  -39.717  -25.286  6.281 0.0000000000
104056  -39.950  -25.072  5.797 0.0000000000
104057  -40.181  -24.918  5.280 0.0000000000
104058  -40.497  -24.733  4.867 0.0000000000
104059  -39.798  -25.373  4.829 0.0000000000
104060  -39.567  -25.886  4.371 0.0000000000
104061  -39.341  -26.374  3.925 0.0000000000
110871  -52.217  -19.859  2.374 0.0000000000
110872  -52.542  -19.779  1.852 0.0000000000
110873  -52.939  -19.332  2.015 0.0000000000
110880  -50.398  -20.036  6.182 0.0000000000
110881  -50.909  -20.179  5.927 0.0000000000
110882  -51.123  -19.627  5.891 0.0000000000
110883  -51.763  -19.209  5.533 0.0000000000
110884  -52.439  -18.830  5.186 0.0000000000
110885  -54.199  -16.332  4.265 0.0000000000
110886  -54.025  -16.869  4.426 0.0000000000
110887  -54.632  -16.447  3.976 0.0000000000
110888  -54.985  -16.555  3.635 0.0000000000
110889  -55.265  -16.597  3.279 0.0000000000
110920  -49.319  -15.476  0.797 0.0000000000
110921  -49.952  -14.655  0.864 0.0000000000
110922  -49.517  -15.032  0.409 0.0000000000
110923  -49.743  -14.503  0.068 0.0000000000
110924  -49.977  -14.007  -0.342 0.0000000000
110975  -34.237  -28.565  7.148 0.0000000000
110984  -36.766  -27.781  3.180 0.0000000000
115661  -36.163  -32.268  12.557 0.0000000000
115662  -36.562  -31.891  12.273 0.0000000000
115663  -35.926  -32.001  12.943 0.0000000000
115664  -35.621  -31.712  13.265 0.0000000000
115665  -35.284  -31.411  13.478 0.0000000000
115666  -34.235  -31.784  14.409 0.0000000000
115667  -34.539  -31.500  13.948 0.0000000000
115668  -34.871  -31.144  13.585 0.0000000000
115669  -34.478  -30.915  13.514 0.0000000000
115670  -34.089  -30.725  13.387 0.0000000000
115671  -33.686  -30.571  13.224 0.0000000000
115719  -34.432  -33.294  14.890 0.0000000000
115720  -34.861  -33.320  14.098 0.0000000000
115721  -35.321  -33.312  13.253 0.0000000000
115722  -35.530  -32.967  12.963 0.0000000000
115723  -35.819  -32.621  12.771 0.0000000000
117436  -43.503  -22.289  5.499 0.0000000000
117437  -44.280  -21.707  5.613 0.0000000000
117438  -43.732  -22.006  4.999 0.0000000000
117439  -44.009  -21.688  4.572 0.0000000000
117440  -44.282  -21.423  4.141 0.0000000000
117441  -43.186  -22.700  3.352 0.0000000000
117442  -43.859  -21.925  3.519 0.0000000000
117443  -44.564  -21.174  3.697 0.0000000000
117444  -44.927  -20.891  3.248 0.0000000000
117445  -45.273  -20.720  2.825 0.0000000000
117446  -45.620  -20.513  2.406 0.0000000000
117447  -45.989  -20.254  1.998 0.0000000000
117448  -45.370  -21.093  1.836 0.0000000000
117449  -45.124  -21.687  1.272 0.0000000000
117450  -44.889  -22.269  0.717 0.0000000000
117451  -43.922  -23.286  1.032 0.0000000000
117452  -44.298  -23.058  0.601 0.0000000000
117453  -44.683  -22.770  0.198 0.0000000000
117454  -44.398  -23.265  -0.325 0.0000000000
117455  -44.086  -23.698  -0.831 0.0000000000
119947  -45.364  -27.247  2.951 0.0000000000
119948  -45.327  -27.149  3.432 0.0000000000
119949  -45.290  -27.110  3.954 0.0000000000
119950  -44.177  -28.215  4.519 0.0000000000
119951  -44.723  -27.674  4.497 0.0000000000
119952  -45.230  -27.159  4.508 0.0000000000
119953  -45.195  -27.204  5.065 0.0000000000
119954  -45.129  -27.243  5.646 0.0000000000
119955  -45.046  -27.242  6.277 0.0000000000
119956  -39.708  -28.606  10.750 0.0000000000
119957  -40.479  -28.447  10.400 0.0000000000
119958  -40.009  -28.145  10.539 0.0000000000
119959  -40.342  -27.675  10.328 0.0000000000
119960  -40.585  -27.197  10.103 0.0000000000
119961  -39.242  -27.249  10.136 0.0000000000
119962  -40.060  -26.942  10.018 0.0000000000
119963  -40.855  -26.728  9.852 0.0000000000
119964  -41.105  -26.276  9.596 0.0000000000
119965  -41.314  -25.899  9.291 0.0000000000
119966  -41.525  -25.465  9.005 0.0000000000
119967  -41.730  -25.033  8.684 0.0000000000
119968  -40.930  -25.391  8.673 0.0000000000
119969  -40.355  -25.387  8.234 0.0000000000
119970  -39.753  -25.490  7.736 0.0000000000
119971  -38.799  -26.230  8.242 0.0000000000
119972  -39.044  -25.984  7.737 0.0000000000
119973  -39.259  -25.745  7.213 0.0000000000
119974  -38.822  -26.066  6.704 0.0000000000
119975  -38.435  -26.437  6.250 0.0000000000
119976  -38.098  -26.853  5.852 0.0000000000
125269  -49.774  -22.409  2.577 0.0000000000
125270  -50.405  -21.798  2.074 0.0000000000
125271  -50.266  -21.912  2.597 0.0000000000
125272  -50.667  -21.423  2.616 0.0000000000
125273  -51.136  -20.936  2.735 0.0000000000
125274  -50.578  -21.596  3.869 0.0000000000
125275  -51.059  -21.032  3.376 0.0000000000
125276  -51.616  -20.443  2.865 0.0000000000
125277  -52.063  -19.913  2.928 0.0000000000
125278  -52.492  -19.474  3.031 0.0000000000
125279  -52.893  -19.097  3.195 0.0000000000
125280  -50.820  -17.896  5.483 0.0000000000
125281  -51.604  -17.980  5.539 0.0000000000
125282  -51.649  -17.492  5.299 0.0000000000
125283  -52.397  -17.096  5.105 0.0000000000
125284  -53.068  -16.658  4.809 0.0000000000
125285  -52.569  -16.052  4.408 0.0000000000
125286  -53.177  -16.113  4.536 0.0000000000
125287  -53.707  -16.232  4.475 0.0000000000
125288  -54.349  -15.812  4.083 0.0000000000
125289  -55.030  -15.426  3.639 0.0000000000
125295  -55.055  -13.693  2.341 0.0000000000
125311  -48.353  -17.499  -1.115 0.0000000000
125312  -48.772  -16.529  -0.980 0.0000000000
129893  -41.023  -30.889  7.070 0.0000000000
129894  -41.555  -30.384  7.026 0.0000000000
129895  -40.968  -30.730  7.682 0.0000000000
129896  -40.908  -30.566  8.233 0.0000000000
129897  -40.813  -30.390  8.778 0.0000000000
129898  -39.651  -31.014  9.528 0.0000000000
129899  -40.186  -30.606  9.384 0.0000000000
129900  -40.661  -30.192  9.335 0.0000000000
129901  -40.399  -29.996  9.831 0.0000000000
129902  -40.088  -29.737  10.299 0.0000000000
129903  -39.732  -29.418  10.703 0.0000000000
129904  -36.987  -31.524  12.088 0.0000000000
129905  -37.447  -31.139  11.879 0.0000000000
129906  -37.876  -30.764  11.650 0.0000000000
129907  -36.810  -30.540  12.486 0.0000000000
129908  -37.552  -30.466  12.040 0.0000000000
129909  -38.278  -30.349  11.494 0.0000000000
129910  -38.677  -29.940  11.323 0.0000000000
129911  -39.037  -29.514  11.138 0.0000000000
129912  -39.386  -29.041  10.935 0.0000000000
129913  -38.909  -28.768  11.074 0.0000000000
129914  -38.400  -28.519  11.111 0.0000000000
129915  -37.914  -28.285  11.012 0.0000000000
129916  -36.916  -28.903  11.559 0.0000000000
129917  -37.176  -28.556  11.149 0.0000000000
129918  -37.438  -28.181  10.750 0.0000000000
129919  -36.953  -28.192  10.412 0.0000000000
129920  -36.496  -28.269  10.050 0.0000000000
129921  -36.056  -28.410  9.665 0.0000000000
130059  -38.720  -32.525  8.569 0.0000000000
130060  -39.267  -32.331  7.897 0.0000000000
130062  -40.198  -31.703  7.123 0.0000000000
130063  -40.617  -31.270  7.069 0.0000000000
134710  -48.438  -22.636  6.913 0.0000000000
134711  -49.237  -22.218  6.489 0.0000000000
134712  -48.680  -22.038  6.821 0.0000000000
134713  -48.957  -21.482  6.738 0.0000000000
134714  -49.220  -20.960  6.594 0.0000000000
134715  -47.623  -21.151  6.919 0.0000000000
134716  -48.503  -20.784  6.720 0.0000000000
134717  -49.450  -20.416  6.437 0.0000000000
134718  -49.749  -19.860  6.310 0.0000000000
134719  -49.786  -19.303  6.106 0.0000000000
134720  -49.870  -18.764  5.878 0.0000000000
134721  -45.037  -21.135  5.724 0.0000000000
134722  -45.789  -20.558  5.826 0.0000000000
134723  -46.544  -20.070  5.822 0.0000000000
134724  -46.117  -19.776  4.958 0.0000000000
134725  -46.674  -19.637  5.437 0.0000000000
134726  -47.359  -19.571  5.800 0.0000000000
134727  -48.263  -19.086  5.756 0.0000000000
134728  -49.098  -18.684  5.680 0.0000000000
134729  -49.964  -18.290  5.620 0.0000000000
134730  -50.092  -17.808  5.273 0.0000000000
134731  -50.248  -17.282  4.913 0.0000000000
134732  -50.357  -16.806  4.524 0.0000000000
134733  -48.879  -17.317  4.176 0.0000000000
134734  -49.649  -16.802  4.194 0.0000000000
134735  -50.439  -16.343  4.119 0.0000000000
134736  -50.488  -15.906  3.672 0.0000000000
134737  -50.741  -15.448  3.214 0.0000000000
134738  -50.963  -14.985  2.723 0.0000000000
134739  -51.162  -14.516  2.267 0.0000000000
134740  -50.398  -15.046  2.409 0.0000000000
134741  -49.899  -15.218  2.054 0.0000000000
134742  -49.458  -15.516  1.642 0.0000000000
134743  -48.570  -16.626  2.017 0.0000000000
134744  -48.845  -16.276  1.604 0.0000000000
134745  -49.073  -15.869  1.178 0.0000000000
134746  -48.773  -16.325  0.728 0.0000000000
134747  -48.522  -16.815  0.262 0.0000000000
134748  -48.315  -17.321  -0.239 0.0000000000
134749  -46.334  -19.972  1.622 0.0000000000
134750  -46.675  -19.694  1.212 0.0000000000
134751  -46.996  -19.384  0.793 0.0000000000
134752  -46.229  -20.819  0.122 0.0000000000
134753  -46.771  -19.953  0.285 0.0000000000
134754  -47.277  -19.087  0.397 0.0000000000
134755  -47.554  -18.696  0.015 0.0000000000
134756  -47.841  -18.308  -0.358 0.0000000000
134757  -48.114  -17.866  -0.757 0.0000000000
134758  -47.885  -18.511  -1.260 0.0000000000
141398  -49.670  -22.870  1.544 0.0000000000
141399  -49.436  -22.839  2.059 0.0000000000
141400  -46.399  -26.189  2.477 0.0000000000
141401  -46.854  -25.617  2.456 0.0000000000
141402  -47.356  -25.024  2.471 0.0000000000
141403  -46.739  -25.608  3.499 0.0000000000
141404  -47.292  -25.016  2.999 0.0000000000
141405  -47.874  -24.456  2.506 0.0000000000
141406  -48.372  -23.910  2.548 0.0000000000
141407  -48.833  -23.426  2.572 0.0000000000
141408  -49.304  -22.893  2.563 0.0000000000
141409  -49.215  -23.022  3.082 0.0000000000
141410  -49.171  -23.153  3.639 0.0000000000
141411  -49.168  -23.243  4.225 0.0000000000
141412  -48.131  -24.341  4.764 0.0000000000
141413  -48.619  -23.850  4.860 0.0000000000
141414  -49.114  -23.400  4.934 0.0000000000
141415  -49.030  -23.442  5.566 0.0000000000
141416  -48.855  -23.416  6.135 0.0000000000
141417  -48.556  -23.316  6.630 0.0000000000
141418  -42.109  -29.899  6.941 0.0000000000
141419  -42.630  -29.442  6.878 0.0000000000
141420  -43.108  -28.993  6.891 0.0000000000
141421  -42.424  -29.228  8.044 0.0000000000
141422  -43.040  -28.908  7.473 0.0000000000
141423  -43.606  -28.549  6.853 0.0000000000
141424  -44.055  -28.118  6.846 0.0000000000
141425  -44.463  -27.675  6.869 0.0000000000
141426  -44.904  -27.158  6.912 0.0000000000
141427  -41.202  -28.253  9.988 0.0000000000
141428  -41.973  -28.028  9.591 0.0000000000
141429  -42.746  -27.796  9.119 0.0000000000
141430  -42.744  -27.038  9.438 0.0000000000
141431  -43.149  -27.316  9.101 0.0000000000
141432  -43.458  -27.589  8.624 0.0000000000
141433  -44.139  -27.356  8.129 0.0000000000
141434  -44.744  -27.040  7.560 0.0000000000
141435  -45.366  -26.679  6.950 0.0000000000
141436  -45.813  -26.221  7.005 0.0000000000
141437  -46.267  -25.754  7.083 0.0000000000
141438  -46.686  -25.240  7.075 0.0000000000
141439  -45.619  -25.386  8.058 0.0000000000
141440  -46.411  -25.072  7.583 0.0000000000
141441  -47.072  -24.719  7.079 0.0000000000
141442  -47.443  -24.204  7.080 0.0000000000
141443  -47.760  -23.700  7.049 0.0000000000
141444  -48.128  -23.169  6.992 0.0000000000
141445  -47.599  -22.997  7.290 0.0000000000
141446  -47.000  -22.793  7.501 0.0000000000
141447  -46.370  -22.562  7.590 0.0000000000
141448  -45.333  -23.387  8.009 0.0000000000
141449  -45.511  -22.916  7.729 0.0000000000
141450  -45.718  -22.427  7.486 0.0000000000
141451  -45.083  -22.354  7.270 0.0000000000
141452  -44.470  -22.343  6.934 0.0000000000
141453  -43.852  -22.408  6.473 0.0000000000
141454  -41.942  -24.623  8.312 0.0000000000
141455  -42.177  -24.245  7.960 0.0000000000
141456  -42.353  -23.902  7.546 0.0000000000
141457  -41.006  -24.460  6.958 0.0000000000
141458  -41.724  -23.972  7.022 0.0000000000
141459  -42.533  -23.555  7.109 0.0000000000
141460  -42.760  -23.176  6.744 0.0000000000
141461  -43.000  -22.901  6.325 0.0000000000
141462  -43.253  -22.594  5.930 0.0000000000
141463  -42.706  -22.889  5.311 0.0000000000
141464  -42.201  -23.283  4.669 0.0000000000
141465  -41.774  -23.753  4.089 0.0000000000
141466  -40.815  -24.555  4.407 0.0000000000
141467  -41.162  -24.436  3.980 0.0000000000
141468  -41.512  -24.336  3.553 0.0000000000
141469  -41.308  -24.911  3.045 0.0000000000
141470  -41.125  -25.456  2.562 0.0000000000
141471  -40.889  -25.992  2.097 0.0000000000
155183  -51.119  -21.225  1.543 0.0000000000
155201  -50.015  -21.819  6.050 0.0000000000
155202  -50.717  -21.393  5.605 0.0000000000
155203  -51.232  -20.852  5.113 0.0000000000
155204  -51.286  -20.294  5.581 0.0000000000
155205  -51.551  -20.354  5.143 0.0000000000
155206  -51.705  -20.313  4.637 0.0000000000
155207  -52.174  -19.759  4.164 0.0000000000
155208  -52.694  -19.234  3.718 0.0000000000
155209  -53.250  -18.703  3.290 0.0000000000
155210  -52.159  -18.171  5.418 0.0000000000
155211  -52.631  -18.289  5.143 0.0000000000
155212  -52.991  -18.359  4.788 0.0000000000
155213  -53.787  -17.397  4.468 0.0000000000
155214  -53.517  -17.883  4.424 0.0000000000
155215  -53.220  -18.388  4.374 0.0000000000
155216  -53.380  -18.375  3.866 0.0000000000
155217  -53.611  -18.293  3.375 0.0000000000
155218  -53.852  -18.231  2.925 0.0000000000
155219  -54.537  -17.824  2.663 0.0000000000
155282  -51.420  -14.025  1.829 0.0000000000
155283  -51.656  -13.489  1.363 0.0000000000
155284  -51.899  -12.965  0.921 0.0000000000
155285  -50.625  -13.870  0.793 0.0000000000
155286  -51.370  -13.097  0.697 0.0000000000
155287  -52.183  -12.361  0.500 0.0000000000
155291  -49.181  -15.489  -0.871 0.0000000000
155343  -32.845  -30.605  13.597 0.0000000000
155344  -33.096  -30.429  13.049 0.0000000000
155352  -32.563  -30.202  12.863 0.0000000000
155353  -33.429  -30.240  12.546 0.0000000000
155354  -33.718  -30.020  12.028 0.0000000000
155355  -33.993  -29.819  11.521 0.0000000000
155356  -34.322  -29.560  11.058 0.0000000000
155357  -32.791  -29.536  11.110 0.0000000000
155358  -33.681  -29.539  10.784 0.0000000000
155359  -34.616  -29.322  10.608 0.0000000000
155360  -34.942  -29.079  10.147 0.0000000000
155361  -35.230  -28.849  9.710 0.0000000000
155362  -35.401  -28.690  9.264 0.0000000000
155387  -33.894  -29.024  9.020 0.0000000000
155388  -34.753  -28.854  8.863 0.0000000000
155389  -35.652  -28.503  8.783 0.0000000000
155390  -35.935  -28.304  8.286 0.0000000000
155391  -36.207  -28.129  7.832 0.0000000000
155392  -36.489  -27.930  7.331 0.0000000000
155393  -35.056  -28.459  7.011 0.0000000000
155394  -35.959  -28.215  6.917 0.0000000000
155395  -36.777  -27.764  6.861 0.0000000000
155396  -37.065  -27.627  6.404 0.0000000000
155397  -37.354  -27.460  5.917 0.0000000000
155398  -37.656  -27.339  5.441 0.0000000000
155404  -35.421  -28.148  5.171 0.0000000000
155405  -36.334  -28.027  5.057 0.0000000000
155406  -37.183  -27.697  4.992 0.0000000000
155407  -37.979  -27.236  4.921 0.0000000000
155408  -38.296  -27.108  4.420 0.0000000000
155409  -38.642  -27.011  3.944 0.0000000000
155410  -39.010  -26.887  3.471 0.0000000000
155411  -37.695  -27.596  3.065 0.0000000000
155412  -38.583  -27.295  3.010 0.0000000000
155413  -39.393  -26.777  3.006 0.0000000000
155414  -39.751  -26.702  2.498 0.0000000000
155415  -40.107  -26.567  2.035 0.0000000000
155416  -40.461  -26.452  1.593 0.0000000000
155494  -38.175  -27.249  1.215 0.0000000000
155495  -39.114  -27.103  1.103 0.0000000000
155496  -39.994  -26.761  1.078 0.0000000000
155497  -40.807  -26.260  1.131 0.0000000000
155498  -41.199  -26.020  0.698 0.0000000000
155499  -41.608  -25.774  0.222 0.0000000000
155500  -41.951  -25.523  -0.228 0.0000000000
