#!ascii label  , from subject fsaverage vox2ras=TkReg 
839
37  -28.228  5.765  -34.174 0.0000000000
333  -36.573  11.344  -32.695 0.0000000000
334  -41.863  10.710  -34.690 0.0000000000
335  -32.669  8.890  -37.720 0.0000000000
813  -31.539  9.764  -34.322 0.0000000000
814  -32.761  14.831  -36.813 0.0000000000
815  -27.561  10.084  -38.380 0.0000000000
816  -29.217  5.578  -39.600 0.0000000000
817  -25.791  4.615  -37.508 0.0000000000
1753  -38.986  15.765  -33.499 0.0000000000
1754  -37.225  11.554  -37.719 0.0000000000
1977  -35.847  5.503  -30.444 0.0000000000
1978  -32.302  3.734  -30.362 0.0000000000
2435  -30.378  0.557  -26.880 0.0000000000
2733  -29.240  8.170  -34.409 0.0000000000
2734  -28.537  11.049  -36.180 0.0000000000
2735  -26.910  8.549  -36.451 0.0000000000
2736  -26.251  7.421  -38.351 0.0000000000
2737  -26.639  5.672  -35.861 0.0000000000
3880  -37.330  14.691  -33.025 0.0000000000
3881  -32.205  12.760  -38.253 0.0000000000
3882  -34.980  14.320  -37.655 0.0000000000
3883  -34.926  10.757  -38.045 0.0000000000
3884  -37.387  7.443  -37.352 0.0000000000
3885  -35.417  6.119  -37.108 0.0000000000
3887  -33.507  4.983  -37.481 0.0000000000
4340  -35.492  2.738  -28.143 0.0000000000
4341  -33.966  4.793  -30.776 0.0000000000
4342  -33.871  2.184  -27.977 0.0000000000
6071  -34.175  10.865  -33.857 0.0000000000
6072  -34.447  14.337  -34.712 0.0000000000
6073  -31.492  12.960  -35.557 0.0000000000
6074  -29.719  12.713  -37.637 0.0000000000
6075  -29.935  10.232  -38.460 0.0000000000
6076  -30.731  7.034  -37.974 0.0000000000
6077  -28.018  7.918  -39.207 0.0000000000
6078  -26.472  5.731  -39.757 0.0000000000
7929  -40.543  13.834  -34.145 0.0000000000
7930  -35.941  15.807  -35.560 0.0000000000
7931  -37.948  14.572  -36.327 0.0000000000
7932  -39.776  11.149  -36.692 0.0000000000
7933  -38.869  7.795  -36.594 0.0000000000
8521  -36.253  8.252  -31.951 0.0000000000
8522  -34.040  7.699  -32.752 0.0000000000
8523  -31.838  6.682  -32.892 0.0000000000
8524  -30.257  4.999  -32.469 0.0000000000
9861  -32.730  1.029  -26.697 0.0000000000
9862  -31.167  2.233  -28.821 0.0000000000
9863  -29.589  2.818  -30.738 0.0000000000
9890  -27.690  3.041  -32.816 0.0000000000
10413  -28.558  7.087  -34.364 0.0000000000
10414  -27.825  8.626  -35.398 0.0000000000
10415  -27.440  7.307  -35.375 0.0000000000
10416  -26.678  7.145  -36.283 0.0000000000
10417  -27.355  5.840  -35.041 0.0000000000
11558  -37.694  11.307  -31.810 0.0000000000
11559  -38.017  12.982  -31.861 0.0000000000
11560  -36.848  13.094  -32.916 0.0000000000
11561  -32.395  10.977  -38.147 0.0000000000
11562  -33.585  12.073  -38.168 0.0000000000
11563  -33.773  9.949  -37.853 0.0000000000
11564  -35.143  8.533  -37.570 0.0000000000
11565  -34.101  7.569  -37.306 0.0000000000
11566  -34.449  5.524  -37.193 0.0000000000
11567  -33.091  6.863  -37.322 0.0000000000
12019  -35.918  1.643  -26.681 0.0000000000
12021  -34.655  2.575  -28.239 0.0000000000
12022  -34.467  1.182  -26.601 0.0000000000
13201  -41.962  11.960  -32.933 0.0000000000
13958  -32.931  10.341  -34.112 0.0000000000
13959  -32.783  12.128  -34.680 0.0000000000
13960  -31.411  11.456  -34.963 0.0000000000
13961  -27.796  10.863  -37.288 0.0000000000
13962  -28.963  12.118  -36.957 0.0000000000
13963  -28.450  11.508  -38.109 0.0000000000
13964  -29.617  11.776  -38.350 0.0000000000
13965  -28.591  10.360  -38.753 0.0000000000
13966  -28.951  9.009  -38.804 0.0000000000
13967  -27.690  9.061  -38.887 0.0000000000
13968  -25.895  5.976  -38.044 0.0000000000
13969  -26.200  6.571  -39.113 0.0000000000
13970  -25.849  5.270  -38.781 0.0000000000
13971  -26.160  4.480  -39.309 0.0000000000
13972  -25.793  4.006  -38.171 0.0000000000
17396  -39.405  15.404  -31.966 0.0000000000
17398  -40.272  15.371  -32.244 0.0000000000
17399  -40.988  14.670  -32.594 0.0000000000
17400  -39.844  15.085  -33.869 0.0000000000
17401  -33.505  14.933  -35.736 0.0000000000
17402  -35.000  15.492  -35.153 0.0000000000
17403  -34.349  15.448  -36.362 0.0000000000
17404  -36.143  13.190  -37.909 0.0000000000
17405  -36.509  14.576  -37.011 0.0000000000
17406  -37.590  13.243  -37.271 0.0000000000
17407  -38.882  12.939  -36.493 0.0000000000
17408  -38.413  11.320  -37.187 0.0000000000
17409  -39.265  9.497  -36.799 0.0000000000
17410  -38.015  9.563  -37.287 0.0000000000
17411  -37.532  5.169  -37.084 0.0000000000
17412  -38.285  5.578  -36.777 0.0000000000
17423  -29.855  6.291  -38.639 0.0000000000
17424  -31.268  5.555  -38.240 0.0000000000
17425  -30.579  4.955  -39.077 0.0000000000
18776  -36.565  4.328  -29.026 0.0000000000
18780  -36.040  6.841  -31.322 0.0000000000
18781  -35.171  8.035  -32.449 0.0000000000
18782  -35.085  6.597  -31.746 0.0000000000
18783  -33.062  4.275  -30.689 0.0000000000
18784  -33.034  5.722  -31.927 0.0000000000
18785  -32.087  5.110  -31.823 0.0000000000
18786  -30.933  5.872  -32.700 0.0000000000
18787  -31.330  4.364  -31.451 0.0000000000
22090  -31.196  0.098  -26.126 0.0000000000
22091  -31.499  1.017  -27.018 0.0000000000
22092  -30.702  1.465  -27.885 0.0000000000
22093  -30.359  2.596  -29.820 0.0000000000
22094  -29.896  1.751  -28.709 0.0000000000
22161  -28.052  1.961  -30.586 0.0000000000
22162  -27.165  1.928  -31.506 0.0000000000
22163  -26.956  2.969  -33.596 0.0000000000
23351  -30.268  9.074  -34.443 0.0000000000
23352  -29.900  10.648  -35.212 0.0000000000
23353  -28.660  9.722  -35.345 0.0000000000
23354  -27.551  9.896  -36.380 0.0000000000
23355  -26.966  9.450  -37.519 0.0000000000
23356  -26.781  8.755  -38.448 0.0000000000
23357  -26.445  8.090  -37.497 0.0000000000
23358  -26.171  6.656  -37.219 0.0000000000
23359  -26.069  5.196  -36.701 0.0000000000
25415  -38.565  14.563  -31.737 0.0000000000
25416  -38.095  15.648  -33.033 0.0000000000
25417  -32.280  13.984  -37.758 0.0000000000
25418  -33.806  14.882  -37.387 0.0000000000
25419  -33.586  13.784  -37.999 0.0000000000
25420  -34.891  12.870  -38.114 0.0000000000
25421  -36.072  11.408  -38.024 0.0000000000
25422  -37.175  9.554  -37.637 0.0000000000
25423  -36.177  9.224  -37.767 0.0000000000
25424  -36.449  6.805  -37.317 0.0000000000
25425  -36.516  4.468  -37.243 0.0000000000
25427  -35.580  4.170  -37.306 0.0000000000
25428  -34.710  3.765  -37.615 0.0000000000
25429  -33.944  3.397  -38.143 0.0000000000
25430  -28.598  4.791  -40.399 0.0000000000
26243  -36.260  2.879  -27.904 0.0000000000
26244  -35.683  4.154  -29.382 0.0000000000
26245  -34.929  5.220  -30.732 0.0000000000
26246  -34.800  3.907  -29.546 0.0000000000
26247  -33.914  3.514  -29.473 0.0000000000
26248  -33.135  3.056  -29.272 0.0000000000
29525  -35.397  11.150  -33.353 0.0000000000
29526  -35.541  13.009  -33.692 0.0000000000
29527  -34.199  12.664  -34.272 0.0000000000
29528  -32.979  13.748  -35.238 0.0000000000
29529  -31.921  14.085  -36.214 0.0000000000
29530  -29.948  12.035  -35.929 0.0000000000
29531  -30.466  13.124  -36.531 0.0000000000
29532  -31.210  13.783  -37.174 0.0000000000
29533  -30.884  12.931  -38.033 0.0000000000
29534  -30.958  11.605  -38.335 0.0000000000
29535  -31.330  9.705  -38.009 0.0000000000
29536  -31.659  8.007  -37.696 0.0000000000
29537  -30.286  8.667  -38.190 0.0000000000
29538  -29.330  7.621  -38.632 0.0000000000
29539  -28.509  6.769  -39.334 0.0000000000
29540  -26.801  7.878  -39.172 0.0000000000
29541  -27.160  6.921  -39.653 0.0000000000
29542  -27.798  5.947  -39.922 0.0000000000
29543  -27.189  4.829  -40.152 0.0000000000
34136  -41.519  13.507  -32.867 0.0000000000
34137  -41.124  12.329  -34.389 0.0000000000
34138  -35.940  14.659  -33.984 0.0000000000
34139  -36.621  15.657  -34.184 0.0000000000
34140  -37.532  15.868  -34.626 0.0000000000
34141  -35.325  15.293  -36.875 0.0000000000
34142  -36.902  15.436  -35.989 0.0000000000
34143  -38.512  15.435  -34.923 0.0000000000
34144  -39.354  14.285  -35.240 0.0000000000
34145  -40.212  12.652  -35.642 0.0000000000
34146  -41.027  10.995  -35.943 0.0000000000
34147  -40.605  9.308  -36.315 0.0000000000
34148  -39.942  7.725  -35.871 0.0000000000
34150  -38.023  7.701  -37.055 0.0000000000
34166  -32.139  6.235  -37.614 0.0000000000
34167  -32.708  4.522  -38.010 0.0000000000
35824  -37.434  9.849  -31.619 0.0000000000
35832  -37.244  8.392  -31.246 0.0000000000
35833  -36.340  9.830  -32.466 0.0000000000
35834  -35.272  9.590  -33.003 0.0000000000
35835  -34.108  9.257  -33.371 0.0000000000
35836  -32.878  8.773  -33.573 0.0000000000
35837  -34.073  6.154  -31.881 0.0000000000
35838  -32.910  7.256  -32.863 0.0000000000
35839  -31.621  8.237  -33.694 0.0000000000
35840  -30.573  7.495  -33.659 0.0000000000
35841  -29.698  6.612  -33.567 0.0000000000
35842  -29.219  5.477  -33.309 0.0000000000
39821  -32.541  2.352  -28.538 0.0000000000
39823  -31.970  1.749  -27.859 0.0000000000
39824  -31.695  2.972  -29.689 0.0000000000
39825  -30.795  3.483  -30.798 0.0000000000
39826  -29.843  3.892  -31.771 0.0000000000
39827  -28.995  4.210  -32.673 0.0000000000
39906  -28.965  1.911  -29.732 0.0000000000
39907  -28.588  3.023  -31.855 0.0000000000
39908  -28.050  4.364  -33.755 0.0000000000
39909  -27.230  4.293  -34.497 0.0000000000
39910  -26.540  4.136  -35.227 0.0000000000
39911  -26.017  3.772  -35.968 0.0000000000
39914  -25.792  3.156  -36.651 0.0000000000
41133  -28.405  6.414  -34.273 0.0000000000
41134  -27.978  7.258  -34.856 0.0000000000
41135  -27.836  6.522  -34.771 0.0000000000
41136  -27.421  6.569  -35.224 0.0000000000
41137  -27.776  5.829  -34.614 0.0000000000
42278  -37.124  11.355  -32.272 0.0000000000
42279  -37.267  12.233  -32.446 0.0000000000
42280  -36.665  12.205  -32.824 0.0000000000
42281  -32.523  9.933  -37.957 0.0000000000
42282  -33.023  10.497  -38.005 0.0000000000
42283  -33.217  9.441  -37.795 0.0000000000
42284  -33.901  8.750  -37.626 0.0000000000
42285  -33.391  8.306  -37.546 0.0000000000
42286  -33.601  7.239  -37.336 0.0000000000
42287  -32.845  7.925  -37.476 0.0000000000
42741  -34.816  1.401  -26.753 0.0000000000
43921  -41.841  11.316  -33.799 0.0000000000
43922  -42.202  11.106  -32.999 0.0000000000
43923  -42.191  10.538  -33.845 0.0000000000
44678  -32.242  10.063  -34.219 0.0000000000
44679  -32.186  10.929  -34.506 0.0000000000
44680  -31.427  10.588  -34.639 0.0000000000
44681  -27.596  10.512  -37.866 0.0000000000
44682  -28.058  11.235  -37.755 0.0000000000
44683  -27.965  10.818  -38.259 0.0000000000
44684  -28.461  11.037  -38.503 0.0000000000
44685  -28.010  10.281  -38.621 0.0000000000
44686  -28.136  9.746  -38.860 0.0000000000
44687  -27.593  9.586  -38.657 0.0000000000
44688  -25.800  5.310  -37.848 0.0000000000
44689  -25.827  5.642  -38.438 0.0000000000
44690  -25.745  5.007  -38.226 0.0000000000
44691  -25.791  4.639  -38.559 0.0000000000
44692  -25.765  4.309  -37.851 0.0000000000
48116  -39.216  15.664  -32.676 0.0000000000
48117  -39.864  15.481  -32.095 0.0000000000
48118  -39.702  15.594  -32.880 0.0000000000
48119  -40.094  15.297  -33.087 0.0000000000
48120  -39.495  15.491  -33.666 0.0000000000
48121  -33.090  14.986  -36.332 0.0000000000
48122  -33.873  15.279  -36.071 0.0000000000
48123  -33.572  15.166  -36.601 0.0000000000
48124  -36.739  12.456  -37.874 0.0000000000
48125  -36.856  13.240  -37.624 0.0000000000
48126  -37.398  12.444  -37.567 0.0000000000
48127  -38.031  12.296  -37.278 0.0000000000
48128  -37.807  11.452  -37.487 0.0000000000
48129  -38.228  10.539  -37.335 0.0000000000
48130  -37.629  10.575  -37.507 0.0000000000
48143  -29.519  5.946  -39.135 0.0000000000
48144  -30.208  5.632  -38.822 0.0000000000
48145  -29.906  5.253  -39.337 0.0000000000
49496  -36.210  4.915  -29.747 0.0000000000
49498  -36.297  5.606  -30.200 0.0000000000
49499  -36.403  6.309  -30.670 0.0000000000
49500  -35.940  6.156  -30.870 0.0000000000
49501  -35.545  6.730  -31.531 0.0000000000
49502  -35.476  6.058  -31.102 0.0000000000
49503  -32.683  4.022  -30.582 0.0000000000
49504  -32.587  4.709  -31.267 0.0000000000
49505  -32.171  4.414  -31.165 0.0000000000
49506  -31.669  4.774  -31.687 0.0000000000
49507  -31.826  4.068  -30.938 0.0000000000
52810  -30.774  0.357  -26.512 0.0000000000
52811  -30.935  0.807  -26.936 0.0000000000
52812  -30.526  1.014  -27.345 0.0000000000
52813  -30.295  1.624  -28.301 0.0000000000
52814  -30.139  1.191  -27.761 0.0000000000
52882  -26.851  1.434  -30.720 0.0000000000
52883  -26.817  1.880  -31.868 0.0000000000
54278  -29.654  8.653  -34.419 0.0000000000
54279  -29.469  9.492  -34.885 0.0000000000
54280  -28.886  8.985  -34.871 0.0000000000
54281  -27.292  8.650  -35.899 0.0000000000
54282  -27.614  9.275  -35.851 0.0000000000
54283  -27.138  9.250  -36.398 0.0000000000
54284  -27.196  9.739  -36.936 0.0000000000
54285  -26.824  9.074  -36.986 0.0000000000
54286  -26.654  8.791  -37.480 0.0000000000
54287  -26.659  8.367  -36.973 0.0000000000
54288  -26.640  6.378  -36.123 0.0000000000
54289  -26.394  6.944  -36.764 0.0000000000
54290  -26.361  6.194  -36.536 0.0000000000
54291  -26.123  5.941  -36.965 0.0000000000
54292  -26.337  5.461  -36.275 0.0000000000
57716  -37.671  13.907  -32.421 0.0000000000
57717  -38.276  13.816  -31.803 0.0000000000
57718  -38.004  14.616  -32.375 0.0000000000
57719  -38.323  15.252  -32.385 0.0000000000
57720  -37.700  15.227  -32.981 0.0000000000
57721  -32.154  13.406  -38.099 0.0000000000
57722  -32.917  13.968  -37.892 0.0000000000
57723  -32.872  13.273  -38.124 0.0000000000
57724  -34.238  11.492  -38.116 0.0000000000
57725  -34.204  12.417  -38.191 0.0000000000
57726  -34.868  11.891  -38.176 0.0000000000
57727  -35.496  12.188  -38.137 0.0000000000
57728  -35.504  11.175  -38.049 0.0000000000
57729  -36.083  10.332  -37.964 0.0000000000
57730  -35.526  10.036  -37.943 0.0000000000
57731  -35.309  7.305  -37.287 0.0000000000
57732  -35.841  7.704  -37.466 0.0000000000
57733  -35.961  6.480  -37.263 0.0000000000
57734  -36.493  5.620  -37.176 0.0000000000
57735  -36.015  5.266  -37.162 0.0000000000
57736  -36.108  4.316  -37.234 0.0000000000
57737  -35.494  5.151  -37.165 0.0000000000
57738  -33.994  5.189  -37.341 0.0000000000
57739  -34.577  4.637  -37.347 0.0000000000
57740  -34.148  4.360  -37.566 0.0000000000
57741  -34.311  3.528  -37.845 0.0000000000
57742  -33.718  4.204  -37.769 0.0000000000
59096  -35.735  2.160  -27.419 0.0000000000
59097  -36.120  2.225  -27.280 0.0000000000
59098  -35.904  2.875  -28.056 0.0000000000
59099  -35.994  3.511  -28.637 0.0000000000
59100  -35.600  3.478  -28.814 0.0000000000
59101  -35.221  4.005  -29.500 0.0000000000
59102  -35.180  3.322  -28.850 0.0000000000
59103  -34.306  2.395  -28.112 0.0000000000
59104  -34.309  3.069  -28.866 0.0000000000
59105  -33.936  2.841  -28.764 0.0000000000
59106  -33.546  3.258  -29.389 0.0000000000
59107  -33.506  2.658  -28.658 0.0000000000
64913  -34.806  11.053  -33.619 0.0000000000
64914  -34.791  11.955  -33.836 0.0000000000
64915  -34.182  11.798  -34.078 0.0000000000
64916  -32.125  12.638  -35.126 0.0000000000
64917  -32.853  12.992  -34.956 0.0000000000
64918  -32.252  13.363  -35.379 0.0000000000
64919  -32.435  14.027  -35.745 0.0000000000
64920  -31.687  13.549  -35.822 0.0000000000
64921  -29.136  10.918  -35.655 0.0000000000
64922  -29.962  11.344  -35.533 0.0000000000
64923  -29.236  11.590  -36.011 0.0000000000
64924  -29.300  12.497  -37.324 0.0000000000
64925  -29.674  12.638  -36.782 0.0000000000
64926  -29.989  13.011  -37.090 0.0000000000
64927  -30.767  13.496  -36.882 0.0000000000
64928  -30.459  13.248  -37.387 0.0000000000
64929  -30.986  13.399  -37.647 0.0000000000
64930  -30.237  12.873  -37.861 0.0000000000
64931  -29.745  11.080  -38.472 0.0000000000
64932  -30.252  11.774  -38.365 0.0000000000
64933  -30.413  10.996  -38.330 0.0000000000
64934  -31.088  10.765  -38.210 0.0000000000
64935  -30.627  10.074  -38.215 0.0000000000
64936  -30.801  9.222  -38.060 0.0000000000
64937  -30.129  9.514  -38.376 0.0000000000
64938  -28.482  8.416  -38.952 0.0000000000
64939  -29.112  8.310  -38.717 0.0000000000
64940  -28.644  7.759  -38.960 0.0000000000
64941  -28.903  7.160  -38.961 0.0000000000
64942  -28.231  7.339  -39.274 0.0000000000
64943  -26.425  8.080  -38.475 0.0000000000
64944  -26.771  8.355  -38.846 0.0000000000
64945  -26.415  7.647  -38.878 0.0000000000
64946  -26.292  6.154  -39.442 0.0000000000
64947  -26.579  6.841  -39.550 0.0000000000
64948  -26.787  6.354  -39.829 0.0000000000
64949  -27.412  6.455  -39.810 0.0000000000
64950  -27.098  5.859  -40.023 0.0000000000
64951  -27.458  5.350  -40.193 0.0000000000
64952  -26.817  5.296  -39.989 0.0000000000
64953  -26.069  3.893  -38.988 0.0000000000
64954  -26.403  4.109  -39.518 0.0000000000
75236  -40.752  14.397  -33.373 0.0000000000
75237  -41.253  14.082  -32.765 0.0000000000
75238  -41.059  13.681  -33.514 0.0000000000
75239  -41.303  12.989  -33.571 0.0000000000
75240  -40.877  13.140  -34.267 0.0000000000
75241  -34.971  13.752  -34.199 0.0000000000
75242  -35.691  13.887  -33.852 0.0000000000
75243  -35.223  14.498  -34.334 0.0000000000
75244  -35.492  15.767  -35.304 0.0000000000
75245  -35.827  15.599  -34.692 0.0000000000
75246  -36.252  15.839  -34.874 0.0000000000
75247  -37.061  15.873  -34.360 0.0000000000
75248  -36.812  15.879  -35.038 0.0000000000
75249  -34.421  14.670  -37.524 0.0000000000
75250  -34.596  15.101  -37.124 0.0000000000
75251  -35.132  14.869  -37.308 0.0000000000
75252  -37.254  14.573  -36.651 0.0000000000
75253  -36.691  15.059  -36.491 0.0000000000
75254  -37.517  15.085  -36.109 0.0000000000
75255  -37.769  15.512  -35.465 0.0000000000
75256  -38.239  15.062  -35.628 0.0000000000
75257  -38.953  14.932  -35.076 0.0000000000
75258  -38.682  14.474  -35.744 0.0000000000
75259  -39.334  12.058  -36.589 0.0000000000
75260  -39.550  12.778  -36.123 0.0000000000
75261  -40.044  11.964  -36.354 0.0000000000
75262  -40.625  11.842  -35.816 0.0000000000
75263  -40.480  11.119  -36.373 0.0000000000
75264  -40.888  10.159  -36.304 0.0000000000
75265  -40.260  10.255  -36.617 0.0000000000
75266  -39.001  8.705  -36.705 0.0000000000
75267  -39.641  8.643  -36.439 0.0000000000
75268  -39.395  7.788  -36.245 0.0000000000
75269  -39.727  6.857  -35.757 0.0000000000
75270  -39.250  6.872  -36.098 0.0000000000
75271  -37.219  8.494  -37.514 0.0000000000
75272  -37.565  8.603  -37.334 0.0000000000
75273  -37.715  7.531  -37.218 0.0000000000
75308  -31.152  7.486  -37.791 0.0000000000
75309  -31.908  7.080  -37.595 0.0000000000
75310  -31.403  6.692  -37.752 0.0000000000
75311  -31.569  4.742  -38.442 0.0000000000
75312  -31.975  5.097  -38.020 0.0000000000
79376  -36.651  7.622  -31.338 0.0000000000
79377  -37.139  7.661  -30.954 0.0000000000
79378  -36.744  8.349  -31.640 0.0000000000
79379  -36.797  9.158  -31.914 0.0000000000
79380  -36.285  9.043  -32.231 0.0000000000
79381  -35.805  9.719  -32.762 0.0000000000
79382  -35.781  8.944  -32.556 0.0000000000
79383  -34.592  7.911  -32.651 0.0000000000
79384  -34.656  8.643  -32.904 0.0000000000
79385  -34.088  8.437  -33.078 0.0000000000
79386  -33.523  8.991  -33.485 0.0000000000
79387  -33.453  8.256  -33.206 0.0000000000
79388  -34.449  4.983  -30.768 0.0000000000
79389  -34.512  5.691  -31.315 0.0000000000
79390  -34.019  5.461  -31.332 0.0000000000
79391  -32.447  6.216  -32.432 0.0000000000
79392  -32.994  6.471  -32.398 0.0000000000
79393  -32.424  6.924  -32.841 0.0000000000
79394  -32.298  7.747  -33.281 0.0000000000
79395  -31.760  7.419  -33.283 0.0000000000
79396  -31.082  7.878  -33.683 0.0000000000
79397  -31.202  7.125  -33.312 0.0000000000
79398  -30.592  5.444  -32.597 0.0000000000
79399  -30.326  6.240  -33.138 0.0000000000
79400  -29.989  5.790  -33.051 0.0000000000
79401  -29.430  6.072  -33.457 0.0000000000
79402  -29.742  5.250  -32.868 0.0000000000
89305  -33.029  0.636  -26.097 0.0000000000
89307  -32.982  1.267  -27.070 0.0000000000
89308  -32.914  1.995  -27.978 0.0000000000
89309  -32.614  1.671  -27.625 0.0000000000
89313  -31.337  1.680  -27.897 0.0000000000
89314  -31.712  1.405  -27.480 0.0000000000
89315  -31.567  1.997  -28.340 0.0000000000
89316  -31.850  2.297  -28.650 0.0000000000
89317  -31.421  2.590  -29.249 0.0000000000
89318  -31.246  3.236  -30.251 0.0000000000
89319  -30.987  2.831  -29.782 0.0000000000
89320  -29.972  2.711  -30.283 0.0000000000
89321  -30.147  3.211  -30.807 0.0000000000
89322  -29.730  3.368  -31.319 0.0000000000
89323  -29.400  4.052  -32.220 0.0000000000
89324  -29.300  3.488  -31.791 0.0000000000
89521  -29.150  1.416  -28.716 0.0000000000
89523  -27.865  2.519  -31.803 0.0000000000
89524  -28.342  2.490  -31.286 0.0000000000
89525  -28.108  3.044  -32.366 0.0000000000
89526  -28.369  3.668  -32.865 0.0000000000
89527  -27.905  3.683  -33.339 0.0000000000
89528  -27.630  4.341  -34.136 0.0000000000
89529  -27.516  3.667  -33.716 0.0000000000
89530  -26.614  2.885  -33.921 0.0000000000
89531  -26.754  3.543  -34.418 0.0000000000
89532  -26.402  3.441  -34.791 0.0000000000
89533  -26.241  3.979  -35.595 0.0000000000
89534  -26.154  3.264  -35.124 0.0000000000
92471  -28.860  7.659  -34.395 0.0000000000
92472  -28.498  8.463  -34.894 0.0000000000
92473  -28.185  7.888  -34.908 0.0000000000
92474  -27.597  7.998  -35.414 0.0000000000
92475  -27.096  7.971  -35.906 0.0000000000
92476  -26.768  7.845  -36.377 0.0000000000
92477  -27.032  7.259  -35.828 0.0000000000
92478  -26.989  6.511  -35.691 0.0000000000
92479  -26.962  5.785  -35.453 0.0000000000
94534  -37.821  12.142  -31.873 0.0000000000
94535  -37.467  13.031  -32.396 0.0000000000
94536  -37.104  13.910  -32.928 0.0000000000
94537  -32.284  11.986  -38.264 0.0000000000
94538  -32.891  12.443  -38.244 0.0000000000
94539  -32.961  11.575  -38.204 0.0000000000
94540  -33.666  11.106  -38.061 0.0000000000
94541  -34.331  10.407  -37.929 0.0000000000
94542  -35.039  9.691  -37.862 0.0000000000
94543  -34.473  9.290  -37.692 0.0000000000
94544  -34.651  8.119  -37.453 0.0000000000
94545  -34.811  6.786  -37.229 0.0000000000
94546  -34.914  5.825  -37.168 0.0000000000
94547  -34.289  6.540  -37.188 0.0000000000
94548  -33.800  6.172  -37.228 0.0000000000
94549  -33.306  5.897  -37.331 0.0000000000
95361  -36.043  1.129  -25.867 0.0000000000
95365  -35.065  2.745  -28.224 0.0000000000
95367  -34.571  1.915  -27.453 0.0000000000
95368  -34.196  1.690  -27.290 0.0000000000
97489  -42.177  12.560  -32.199 0.0000000000
98852  -33.573  10.603  -34.000 0.0000000000
98853  -33.535  11.546  -34.290 0.0000000000
98854  -32.861  11.241  -34.413 0.0000000000
98855  -32.124  11.792  -34.814 0.0000000000
98856  -31.382  12.248  -35.257 0.0000000000
98857  -28.114  11.045  -36.720 0.0000000000
98858  -28.658  11.644  -36.557 0.0000000000
98859  -28.289  11.505  -37.165 0.0000000000
98860  -28.625  11.952  -37.494 0.0000000000
98861  -29.083  12.157  -37.834 0.0000000000
98862  -29.609  12.309  -38.068 0.0000000000
98863  -29.021  11.677  -38.274 0.0000000000
98864  -29.052  11.113  -38.577 0.0000000000
98865  -29.253  10.360  -38.642 0.0000000000
98866  -29.418  9.643  -38.611 0.0000000000
98867  -28.762  9.691  -38.842 0.0000000000
98868  -28.313  9.092  -38.909 0.0000000000
98869  -27.851  8.528  -39.089 0.0000000000
98870  -26.055  6.635  -38.203 0.0000000000
98871  -26.174  6.980  -38.786 0.0000000000
98872  -25.988  6.263  -38.625 0.0000000000
98873  -25.954  5.917  -39.035 0.0000000000
98874  -26.046  5.578  -39.378 0.0000000000
98875  -26.259  5.149  -39.636 0.0000000000
98876  -25.978  4.847  -39.066 0.0000000000
98877  -25.900  4.266  -38.811 0.0000000000
98878  -25.908  3.679  -38.394 0.0000000000
105040  -39.597  14.932  -31.241 0.0000000000
105042  -40.017  15.178  -31.371 0.0000000000
105043  -40.436  15.212  -31.478 0.0000000000
105044  -40.763  15.134  -31.690 0.0000000000
105045  -41.207  14.826  -31.814 0.0000000000
105046  -40.612  15.081  -32.510 0.0000000000
105047  -40.424  14.867  -33.218 0.0000000000
105048  -40.212  14.500  -33.947 0.0000000000
105049  -33.952  14.740  -35.239 0.0000000000
105050  -34.716  14.954  -34.888 0.0000000000
105051  -34.232  15.216  -35.499 0.0000000000
105052  -34.646  15.551  -35.770 0.0000000000
105053  -35.114  15.688  -36.018 0.0000000000
105054  -35.588  13.818  -37.784 0.0000000000
105055  -35.721  14.444  -37.399 0.0000000000
105056  -36.328  13.928  -37.532 0.0000000000
105057  -37.039  13.948  -37.196 0.0000000000
105058  -37.748  13.962  -36.863 0.0000000000
105059  -38.428  13.837  -36.369 0.0000000000
105060  -38.233  13.090  -36.891 0.0000000000
105061  -38.672  12.163  -36.917 0.0000000000
105062  -39.068  11.203  -36.911 0.0000000000
105063  -39.556  10.267  -36.781 0.0000000000
105064  -38.845  10.360  -37.047 0.0000000000
105065  -38.614  9.527  -37.032 0.0000000000
105066  -38.379  8.668  -36.923 0.0000000000
105067  -37.515  6.271  -37.151 0.0000000000
105068  -37.891  6.502  -37.047 0.0000000000
105069  -37.995  5.422  -36.970 0.0000000000
105089  -30.282  6.641  -38.295 0.0000000000
105090  -30.983  6.317  -38.110 0.0000000000
105091  -30.563  5.953  -38.434 0.0000000000
105092  -30.934  5.223  -38.654 0.0000000000
107526  -36.971  4.421  -28.794 0.0000000000
107531  -36.497  6.967  -31.064 0.0000000000
107532  -36.106  7.546  -31.700 0.0000000000
107533  -35.717  8.160  -32.241 0.0000000000
107534  -35.636  7.440  -31.940 0.0000000000
107535  -35.101  7.316  -32.130 0.0000000000
107536  -34.579  7.144  -32.272 0.0000000000
107537  -33.534  4.566  -30.771 0.0000000000
107538  -33.523  5.246  -31.358 0.0000000000
107539  -33.027  5.005  -31.354 0.0000000000
107540  -32.502  5.455  -31.902 0.0000000000
107541  -31.936  5.918  -32.419 0.0000000000
107542  -31.342  6.309  -32.836 0.0000000000
107543  -31.526  5.492  -32.275 0.0000000000
107544  -31.186  5.073  -32.127 0.0000000000
107545  -30.805  4.677  -31.964 0.0000000000
113490  -31.622  -0.252  -25.717 0.0000000000
113491  -31.717  0.266  -26.089 0.0000000000
113492  -31.335  0.550  -26.515 0.0000000000
113493  -31.088  1.258  -27.445 0.0000000000
113494  -30.928  1.874  -28.323 0.0000000000
113495  -30.760  2.456  -29.321 0.0000000000
113496  -30.539  2.030  -28.765 0.0000000000
113497  -30.167  2.150  -29.218 0.0000000000
113498  -29.778  2.244  -29.675 0.0000000000
113617  -28.201  1.502  -29.512 0.0000000000
113618  -27.711  1.525  -29.964 0.0000000000
113619  -27.599  1.972  -31.064 0.0000000000
113620  -27.428  2.474  -32.210 0.0000000000
113621  -27.344  3.029  -33.189 0.0000000000
113622  -27.086  2.431  -32.584 0.0000000000
113623  -26.759  2.368  -32.942 0.0000000000
115925  -30.842  9.435  -34.421 0.0000000000
115926  -30.715  10.263  -34.763 0.0000000000
115927  -29.995  9.918  -34.878 0.0000000000
115928  -29.212  10.256  -35.307 0.0000000000
115929  -28.546  10.443  -35.760 0.0000000000
115930  -28.216  9.179  -35.333 0.0000000000
115931  -28.030  9.889  -35.866 0.0000000000
115932  -27.986  10.481  -36.293 0.0000000000
115933  -27.603  10.411  -36.863 0.0000000000
115934  -27.376  10.153  -37.375 0.0000000000
115935  -27.186  9.787  -37.935 0.0000000000
115936  -27.118  9.402  -38.390 0.0000000000
115937  -26.839  9.100  -37.978 0.0000000000
115938  -26.520  8.446  -37.982 0.0000000000
115939  -26.342  7.789  -37.917 0.0000000000
115940  -26.499  7.641  -36.875 0.0000000000
115941  -26.292  7.381  -37.351 0.0000000000
115942  -26.151  7.031  -37.789 0.0000000000
115943  -26.004  6.335  -37.652 0.0000000000
115944  -25.934  5.630  -37.411 0.0000000000
115945  -25.879  4.921  -37.134 0.0000000000
120741  -39.191  14.416  -31.211 0.0000000000
120742  -39.001  15.120  -31.793 0.0000000000
120743  -38.752  15.575  -32.514 0.0000000000
120744  -38.544  15.838  -33.260 0.0000000000
120745  -32.497  14.482  -37.306 0.0000000000
120746  -33.241  14.942  -37.105 0.0000000000
120747  -33.046  14.499  -37.581 0.0000000000
120748  -33.633  14.402  -37.725 0.0000000000
120749  -34.283  14.101  -37.812 0.0000000000
120750  -33.566  12.973  -38.141 0.0000000000
120751  -34.219  13.359  -38.031 0.0000000000
120752  -34.903  13.636  -37.927 0.0000000000
120753  -35.522  13.061  -38.057 0.0000000000
120754  -36.129  12.395  -38.046 0.0000000000
120755  -36.661  11.508  -37.926 0.0000000000
120756  -37.093  10.569  -37.725 0.0000000000
120757  -36.583  10.513  -37.901 0.0000000000
120758  -36.677  9.484  -37.747 0.0000000000
120759  -36.808  8.335  -37.585 0.0000000000
120760  -35.663  8.883  -37.750 0.0000000000
120761  -36.315  8.094  -37.591 0.0000000000
120762  -36.965  7.132  -37.388 0.0000000000
120763  -37.009  5.948  -37.186 0.0000000000
120764  -37.024  4.818  -37.173 0.0000000000
120770  -34.987  4.795  -37.255 0.0000000000
120771  -35.099  3.962  -37.421 0.0000000000
120774  -34.521  2.794  -38.281 0.0000000000
120776  -28.909  5.190  -39.985 0.0000000000
120777  -29.605  4.988  -39.832 0.0000000000
122671  -36.281  1.618  -26.507 0.0000000000
122672  -36.482  2.281  -27.154 0.0000000000
122673  -36.682  2.997  -27.741 0.0000000000
122675  -36.122  4.241  -29.234 0.0000000000
122676  -35.779  4.817  -29.931 0.0000000000
122677  -35.423  5.351  -30.574 0.0000000000
122678  -35.325  4.724  -30.115 0.0000000000
122679  -34.830  4.519  -30.169 0.0000000000
122680  -34.382  4.354  -30.181 0.0000000000
122681  -34.751  3.194  -28.911 0.0000000000
122682  -34.358  3.661  -29.566 0.0000000000
122683  -33.943  4.117  -30.183 0.0000000000
122684  -33.501  3.874  -30.092 0.0000000000
122685  -33.128  3.652  -29.996 0.0000000000
122686  -32.737  3.399  -29.814 0.0000000000
130607  -36.011  11.253  -33.036 0.0000000000
130608  -36.092  12.189  -33.244 0.0000000000
130609  -35.443  12.059  -33.543 0.0000000000
130610  -34.850  12.856  -34.029 0.0000000000
130611  -34.237  13.583  -34.518 0.0000000000
130612  -33.502  12.455  -34.531 0.0000000000
130613  -33.572  13.292  -34.748 0.0000000000
130614  -33.710  14.101  -34.969 0.0000000000
130615  -33.197  14.387  -35.473 0.0000000000
130616  -32.740  14.536  -35.993 0.0000000000
130617  -32.329  14.526  -36.521 0.0000000000
130618  -30.663  11.014  -35.083 0.0000000000
130619  -30.619  11.797  -35.436 0.0000000000
130620  -30.706  12.542  -35.731 0.0000000000
130621  -29.391  12.144  -36.433 0.0000000000
130622  -30.121  12.644  -36.225 0.0000000000
130623  -30.940  13.124  -36.027 0.0000000000
130624  -31.183  13.609  -36.369 0.0000000000
130625  -31.472  14.005  -36.737 0.0000000000
130626  -32.026  14.365  -37.008 0.0000000000
130627  -31.770  13.999  -37.501 0.0000000000
130628  -31.594  13.465  -37.878 0.0000000000
130629  -31.573  12.936  -38.166 0.0000000000
130630  -30.174  12.399  -38.220 0.0000000000
130631  -30.883  12.327  -38.262 0.0000000000
130632  -31.613  12.208  -38.281 0.0000000000
130633  -31.687  11.324  -38.246 0.0000000000
130634  -31.833  10.314  -38.103 0.0000000000
130635  -32.010  9.320  -37.860 0.0000000000
130636  -32.185  8.460  -37.696 0.0000000000
130637  -31.501  8.852  -37.849 0.0000000000
130638  -30.966  8.330  -37.873 0.0000000000
130639  -30.471  7.881  -38.048 0.0000000000
130640  -29.592  8.893  -38.499 0.0000000000
130641  -29.803  8.136  -38.312 0.0000000000
130642  -30.024  7.348  -38.262 0.0000000000
130643  -29.582  6.921  -38.581 0.0000000000
130644  -29.203  6.549  -39.016 0.0000000000
130645  -28.851  6.189  -39.429 0.0000000000
130646  -27.130  8.952  -38.788 0.0000000000
130647  -27.242  8.452  -39.057 0.0000000000
130648  -27.387  7.981  -39.285 0.0000000000
130649  -26.465  7.239  -39.236 0.0000000000
130650  -26.956  7.372  -39.447 0.0000000000
130651  -27.534  7.516  -39.455 0.0000000000
130652  -27.842  6.905  -39.528 0.0000000000
130653  -28.145  6.312  -39.639 0.0000000000
130654  -28.495  5.728  -39.787 0.0000000000
130655  -28.200  5.351  -40.180 0.0000000000
130656  -27.856  4.845  -40.338 0.0000000000
130657  -27.576  4.385  -40.286 0.0000000000
130658  -26.563  4.695  -39.834 0.0000000000
130659  -26.965  4.272  -39.971 0.0000000000
130660  -27.352  3.903  -40.084 0.0000000000
136849  -41.943  10.121  -35.465 0.0000000000
143476  -41.487  14.421  -31.972 0.0000000000
143477  -41.748  13.884  -32.152 0.0000000000
143478  -41.989  13.282  -32.112 0.0000000000
143479  -41.738  12.777  -32.911 0.0000000000
143480  -41.555  12.156  -33.707 0.0000000000
143481  -41.466  11.523  -34.532 0.0000000000
143482  -36.178  13.075  -33.352 0.0000000000
143483  -36.408  13.919  -33.425 0.0000000000
143484  -36.658  14.676  -33.534 0.0000000000
143485  -35.479  15.179  -34.542 0.0000000000
143486  -36.218  15.226  -34.111 0.0000000000
143487  -36.986  15.241  -33.586 0.0000000000
143488  -37.360  15.645  -33.636 0.0000000000
143489  -37.828  15.875  -33.813 0.0000000000
143490  -38.299  15.844  -34.082 0.0000000000
143491  -34.020  15.210  -36.922 0.0000000000
143492  -34.804  15.430  -36.603 0.0000000000
143493  -35.613  15.615  -36.234 0.0000000000
143494  -35.912  14.986  -36.923 0.0000000000
143495  -36.192  15.437  -36.373 0.0000000000
143496  -36.464  15.720  -35.769 0.0000000000
143497  -37.246  15.746  -35.339 0.0000000000
143498  -38.041  15.729  -34.810 0.0000000000
143499  -38.785  15.635  -34.250 0.0000000000
143500  -39.231  15.280  -34.410 0.0000000000
143501  -39.618  14.738  -34.567 0.0000000000
143502  -39.950  14.073  -34.694 0.0000000000
143503  -39.060  13.642  -35.884 0.0000000000
143504  -39.730  13.529  -35.409 0.0000000000
143505  -40.395  13.249  -34.910 0.0000000000
143506  -40.729  12.502  -35.056 0.0000000000
143507  -41.070  11.684  -35.260 0.0000000000
143508  -41.515  10.940  -35.446 0.0000000000
143509  -41.458  10.139  -35.966 0.0000000000
143510  -41.227  9.260  -36.068 0.0000000000
143511  -40.906  8.430  -35.913 0.0000000000
143512  -39.952  9.434  -36.593 0.0000000000
143513  -40.257  8.557  -36.105 0.0000000000
143514  -40.576  7.643  -35.652 0.0000000000
143518  -37.538  9.649  -37.442 0.0000000000
143519  -37.936  8.625  -37.157 0.0000000000
143520  -38.346  7.764  -36.796 0.0000000000
143521  -38.174  6.604  -36.904 0.0000000000
143522  -38.484  6.696  -36.692 0.0000000000
143523  -38.854  6.796  -36.431 0.0000000000
143564  -32.376  7.543  -37.542 0.0000000000
143565  -32.591  6.531  -37.445 0.0000000000
143566  -32.848  5.601  -37.560 0.0000000000
143567  -31.716  5.849  -37.811 0.0000000000
143568  -32.397  5.349  -37.743 0.0000000000
143569  -33.099  4.747  -37.768 0.0000000000
143570  -33.343  3.904  -38.068 0.0000000000
148461  -37.510  10.646  -31.780 0.0000000000
148462  -36.999  10.616  -32.188 0.0000000000
148487  -37.288  9.168  -31.502 0.0000000000
148488  -36.885  9.881  -32.070 0.0000000000
148489  -36.459  10.578  -32.612 0.0000000000
148490  -35.882  10.489  -32.930 0.0000000000
148491  -35.299  10.410  -33.249 0.0000000000
148492  -34.740  10.239  -33.443 0.0000000000
148493  -35.205  8.788  -32.744 0.0000000000
148494  -34.685  9.425  -33.200 0.0000000000
148495  -34.152  10.050  -33.623 0.0000000000
148496  -33.536  9.813  -33.755 0.0000000000
148497  -32.895  9.564  -33.877 0.0000000000
148498  -32.209  9.293  -33.955 0.0000000000
148499  -35.019  5.888  -31.219 0.0000000000
148500  -34.558  6.394  -31.807 0.0000000000
148501  -34.041  6.930  -32.354 0.0000000000
148502  -33.527  5.962  -31.880 0.0000000000
148503  -33.505  6.727  -32.399 0.0000000000
148504  -33.504  7.482  -32.798 0.0000000000
148505  -32.919  8.007  -33.216 0.0000000000
148506  -32.277  8.499  -33.616 0.0000000000
148507  -31.587  8.943  -33.989 0.0000000000
148508  -30.936  8.682  -34.079 0.0000000000
148509  -30.395  8.289  -34.036 0.0000000000
148510  -29.910  7.849  -34.026 0.0000000000
148511  -30.725  6.711  -33.240 0.0000000000
148512  -30.096  7.092  -33.625 0.0000000000
148513  -29.463  7.397  -33.983 0.0000000000
148514  -29.110  6.898  -33.971 0.0000000000
148515  -28.918  6.263  -33.865 0.0000000000
148516  -28.703  5.654  -33.757 0.0000000000
160420  -32.839  2.701  -28.915 0.0000000000
160421  -32.434  3.039  -29.487 0.0000000000
160425  -31.888  0.725  -26.542 0.0000000000
160426  -32.094  1.092  -26.917 0.0000000000
160427  -32.384  1.404  -27.265 0.0000000000
160428  -32.245  1.997  -28.121 0.0000000000
160429  -32.163  2.672  -29.133 0.0000000000
160430  -31.990  3.362  -30.058 0.0000000000
160431  -31.536  3.654  -30.600 0.0000000000
160432  -31.049  3.922  -31.142 0.0000000000
160433  -30.549  4.190  -31.676 0.0000000000
160434  -30.565  3.033  -30.297 0.0000000000
160435  -30.321  3.710  -31.300 0.0000000000
160436  -30.044  4.442  -32.163 0.0000000000
160437  -29.571  4.660  -32.578 0.0000000000
160438  -29.088  4.838  -33.041 0.0000000000
160439  -28.621  4.989  -33.501 0.0000000000
160675  -29.428  1.856  -29.217 0.0000000000
160676  -29.296  2.358  -30.246 0.0000000000
160677  -28.509  1.929  -30.138 0.0000000000
160678  -28.808  2.447  -30.791 0.0000000000
160679  -29.090  2.932  -31.305 0.0000000000
160680  -28.817  3.600  -32.346 0.0000000000
160681  -28.531  4.329  -33.269 0.0000000000
160682  -28.096  5.101  -34.023 0.0000000000
160683  -27.688  5.137  -34.438 0.0000000000
160684  -27.283  5.074  -34.815 0.0000000000
160685  -26.917  5.002  -35.191 0.0000000000
160686  -27.122  3.614  -34.071 0.0000000000
160687  -26.885  4.239  -34.856 0.0000000000
160688  -26.589  4.895  -35.570 0.0000000000
160689  -26.274  4.712  -36.016 0.0000000000
160690  -26.055  4.471  -36.406 0.0000000000
160691  -25.892  4.202  -36.789 0.0000000000
160699  -25.880  3.471  -36.306 0.0000000000
160700  -25.788  3.937  -37.197 0.0000000000
160701  -25.761  3.577  -37.478 0.0000000000
160702  -25.799  3.245  -37.736 0.0000000000
